407, 3, 1, -3, 0, 1, 1, -3, 1, 6, -2, 3, 6, -2, 6, 4, 1, 3, -2, 3, 4, 2, -2, -1, 3, 0, 6, 4, -1, 6, 2, -3, -2, -2, 1, 0, 3, 1, -1, 4, -3, 6, 0, 5, 0, -3, -1, -1, 0, 5, 3, 0, -3, -3, 6, 6, 0, -1, 6, -1, -1, 1, -2, 1, 6, 4, 3, 2, 1, 410
0.004914005, 401.98526, 5.995086, -0.985258, -1, 4.995086, 2.995086, 0.014742015, 1.995086, 4.970516, 5.009828, 3.985258, -3.029484, 4.009828, 4.970516, 5.980344, 2.995086, -0.014742015, -1.990172, 2.985258, -1.0196561, 4.990172, -2.990172, 1.004914, 6, -1, 0, 2, -3, 1, -2, 6, -2, 6, 0, 2, -3, -2, -3, 6, 6, 4, 3, 2, 0, 0, 4, 4, -3, 4, 1, -1, 6, -2, 0, -1, 5, -1, 1, 0, 6, -1, 1, 3, 4, 4, -3, 1, 408, 1
0.014742015, -0.007572979, 410.03067, 2.0367646, 2.992427, -2.9769142, -2.9920602, 6.0443377, 1.0003667, 1.9491895, 5.0674233, 1.9859543, -3.1113944, -2.9401495, 5.9491897, 1.986321, -2.9920602, 5.9556623, 4.0144124, -3.0216186, 0.9333101, -1.9916936, 3.0068395, 1.0223522, -2, -3, 6, 3, 0, 3, -2, 6, 3, 6, 2, 1, -2, 3, -1, -1, 6, 2, 2, -2, 3, -3, -2, 5, -2, 3, -3, 4, -3, 0, 0, 4, -2, 5, 5, 6, -1, 6, 0, 5, -3, -1, 3, 403, 2, 3
-0.0073710075, 0.0050303163, -0.0073720976, 400.99783, -2.9729092, -0.039701957, 1.9702469, -1.9776278, -0.9952901, 6.033592, 0.9974145, 6.0167065, -1.9634722, 3.9434123, -0.9369192, -0.98595566, 4.9702473, 4.066093, 6.0248637, 2.9848206, 2.0414937, 0.9749569, 4.022466, -0.0048891627, 2, -3, -3, 3, -3, -2, 0, 5, -1, 3, -1, 0, 4, 6, 6, 4, 2, 5, 6, 4, -2, 5, -1, 2, -3, 2, -3, 2, 3, 3, -2, 1, 6, 1, -2, 2, -2, 0, 3, 6, 5, -1, 407, 3, -1, -3
-0.0073710075, 0.010005623, 0.009627051, -0.0075607966, 400.9587, 1.9857507, 3.0211046, 1.904598, 2.970253, 5.0213466, 4.8938885, -1.9913896, 0.08964606, 0.0032574644, 1.9301357, 4.94307, -0.956213, -1.0043321, -2.9879231, -2.9560995, -0.9538634, 1.9913577, 4.0166426, -0.027305001, -2, 5, 1, -1, -1, 4, -2, 1, -1, 4, 6, 4, 3, 5, -1, 4, 0, -3, -3, -2, 5, 5, 2, -3, -2, -2, 4, -3, -2, 3, -3, 2, 6, 1, -2, 5, 3, 3, 1, 3, 3, 408, -1, -2, -1, 5
0.00982801, -0.0050486526, 4.9847727e-05, -0.0049266894, -0.0025435148, 407.02042, -0.97716665, -0.9756416, 1.002846, 2.0085268, -0.93794215, 3.0151143, -3.083553, 1.0594832, -0.033876784, 2.9984968, 3.027497, 4.9876227, -0.96850896, 0.99292445, -0.036874812, 6.015505, -2.9655566, 1.0147569, 0, -2, -2, 4, 0, 4, 4, 5, 1, 0, -1, 5, 2, -3, 1, -1, 5, -3, 0, 3, -3, 5, 5, 2, 6, 2, 6, 4, 3, -2, 6, -3, 2, 3, -3, 6, 4, 6, 4, -1, 405, 6, 3, 3, 1, 6
0.0073710075, 0.0049202973, 0.014543135, -0.007487971, 0.009824304, -0.0024776657, 404.00403, -0.10180021, -1.0658845, -3.096205, 3.8734617, 3.0014834, 1.9927062, -0.9301073, -0.18126413, -2.1363122, 3.0755188, 2.944017, -1.9617792, -1.9390056, 5.986526, 5.9923115, 1.9690374, -1.0096959, 3, 0, -2, 6, 5, 1, 5, 4, -2, -2, 0, 1, -2, 3, -2, 3, 3, 0, 6, 6, -1, 3, -3, 0, 1, -3, 0, -2, 2, -1, 2, 4, 5, 0, 1, -1, 4, -1, 0, 407, 5, 3, 1, 2, 6, 5
-0.0024570024, 0.0074812965, 0.009651976, 0.012419872, 0.0025327338, 0.014714949, 0.012354298, 402.96948, 5.981126, -1.1202154, 0.8498606, -3.192744, 2.1123528, -0.05961881, -1.0703796, -0.07208876, -0.13292417, 0.79227674, -1.0575444, 0.993962, 1.9120924, -0.19289623, 4.947615, -2.0221708, 6, 2, 2, 3, 0, 3, 1, 1, 4, 1, -1, -2, 1, -3, 6, 5, -3, 6, 0, 1, 3, 1, 5, 1, 6, 2, 6, 0, 4, 1, 4, 2, 3, 2, -2, -3, -1, 2, 410, 6, -1, 4, 5, 1, 3, 4
0.00982801, -0.0050486526, -0.0072666784, 9.8031254e-05, 0.0050304127, -0.002496747, -0.007510518, 0.0150405755, 408.8972, -1.0469513, 0.07102369, 3.0925863, 4.878365, 0.014688538, 5.0143933, 5.973072, 4.02053, -0.95897925, 2.0519736, -0.048825454, 5.9830313, 3.0438776, -0.061221015, 4.0478334, 4, -3, 0, 4, -2, 1, 2, 3, 5, 0, 0, 5, 3, 2, 0, -3, -2, 4, 2, 3, 5, 0, 1, 6, 6, 4, -1, 3, -3, 3, 5, 5, 3, -2, -1, 6, 3, 407, 4, 0, 6, 2, 5, -2, 2, 1
0.00982801, -0.0050486526, -0.0072666784, 0.010073147, -0.0048717167, -0.0073612225, 0.014780123, -0.002240857, -0.0022779598, 408.99963, 0.033478346, -0.087518275, 5.8870373, -1.9997255, -2.9603481, 4.1064196, -0.08548336, 0.9606612, -0.012295438, -1.0427536, 2.8662713, -3.0468388, 5.9654737, 5.0493293, 1, -1, 6, 0, -2, 3, 6, 4, 2, 2, 5, 2, 3, 1, 1, 3, -1, -1, -3, 0, -1, -2, 4, 3, 4, 5, 3, 5, -3, -3, -3, 6, 2, 0, 4, -3, 401, -3, 5, 2, 1, 6, 2, 3, -1, -1
0.0024570024, -0.004993643, 6.7020155e-05, 0.012474668, 0.0075616064, 0.014761338, -0.0025254658, -0.0024035252, 0.004877205, -0.007673215, 402.00574, 4.892043, 1.0711609, 5.9423695, -3.042929, -3.0526285, 2.9004214, -3.1032085, 4.93884, 5.9679284, -1.0201647, 3.8805668, -2.984058, -1.9957126, 4, 3, 4, 2, 0, -2, -1, -3, 0, -2, 5, 3, 0, -3, -3, 4, 0, 4, 3, -1, 3, 0, 6, 1, -3, -2, 0, 1, -1, -3, -3, 1, -1, 1, 4, 404, -3, 6, 0, 4, 5, -3, 4, -3, -1, 1
0.00982801, 0.009877267, 0.0047092987, 0.012542771, 8.248619e-05, -0.0074807364, -0.007568222, 0.014932775, 0.014399987, 0.011809453, 0.009804797, 402.84796, 3.8204243, -1.0886486, 0.88245934, 5.806987, 1.8750025, -1.0276508, 3.860959, -2.149521, 1.8473133, 4.975375, -0.13722692, -1.0730535, -1, 4, 3, -1, 6, -3, 4, 6, 3, 5, 6, 2, 0, 0, -1, 3, 3, 6, 2, 5, -1, 0, 5, 1, 4, 0, 2, 3, 1, 4, 3, 3, 6, 3, 410, -3, 5, 5, 6, -3, -1, 0, -2, 2, 4, -3
0.014742015, -0.0025976724, 0.002440869, -0.004896049, 0.014903137, 0.0097678425, 0.0024121262, 0.002484603, -0.0050947415, -0.0027880033, 0.002388623, 0.0074357656, 407.93066, 6.046778, 1.8980141, 4.85526, -0.99835867, 3.9311326, 5.0752764, 0.020654086, 0.9686589, -2.148549, -0.98939645, 1.0602341, 5, 6, 6, 4, 3, 6, -3, 5, 0, -2, -2, 3, 1, 4, 2, 3, 0, 2, -1, -1, 0, 0, 3, 5, 3, 5, 2, 3, -2, 2, -3, 5, -1, 408, 3, 0, 6, -2, 6, 1, 6, 3, -3, 0, 2, 3
0.014742015, -0.000110019064, 0.004843339, 0.012554316, -0.0024373597, 0.00247055, -3.6827307e-05, 0.00011621094, -0.0048981616, -0.0053078993, 0.0025068924, 0.0046212384, 0.0073380144, 405.92722, 2.8984199, -3.0547402, 0.9386289, 5.84521, -2.128136, 3.9124665, -3.060033, 5.9404893, 5.027446, 0.05639674, 6, 2, 5, 5, -1, 1, 0, -1, 3, 2, 0, 6, 5, -2, 4, 1, 3, 1, 1, -2, 5, 2, 0, 6, 0, -3, 5, 5, -3, 5, -3, 2, 403, 1, 6, -2, -1, 2, 1, -3, 2, -2, 6, -1, 2, 3
0.014742015, -0.0025976724, -0.004875656, 0.0076100095, 0.0050743786, 0.0097635025, 0.009796106, 0.0126303425, -0.00021294705, 0.014394177, 0.0024745746, 0.007227105, -0.0030080122, -0.0023767846, 403.02386, -3.1436727, 0.8680568, 4.8981752, 5.0259275, -0.03704451, -1.205366, -0.1521527, 4.864027, 0.9922348, -3, -3, 2, -1, -1, 0, -2, 4, -1, 2, 6, 2, -1, 1, 5, 0, 2, 1, 6, -1, 2, 0, 2, 3, -2, -3, 4, -2, 0, -2, -3, 409, 4, 6, -1, 0, 1, -2, 2, -2, -1, 0, 5, 5, -3, -2
-0.004914005, 0.009987286, 0.0071824854, 0.01491397, 0.005069929, 0.002375637, -0.005064028, 0.0023905972, -0.0025544085, 0.011809182, 0.009660687, 0.012060085, 0.014732406, 0.011813991, -0.002611907, 404.80017, 2.9024475, -3.167869, -3.2239876, -3.103617, 1.0111017, -0.12648718, -1.1489615, 0.9444663, 4, 0, 4, 2, -3, 0, 5, 5, 0, 0, 3, 4, -3, -1, 5, 3, 2, -2, -3, 0, 5, 0, 1, 1, 4, -2, 4, 3, 4, 2, 405, -3, -2, -1, -2, 2, 3, 0, 0, 5, 0, 6, 0, 4, -1, -3
0.014742015, -0.005085326, 0.0073549254, 6.043782e-05, 0.014897009, 7.309856e-06, 0.014795343, 0.012341147, -0.00027927037, 0.002216745, 0.0021812636, 0.007387637, 0.0118158115, 3.392822e-05, -0.00033293336, -0.0029304724, 405.99426, -1.1690973, -3.0302985, 4.049126, -1.1939862, -1.1183573, 2.845968, 3.0454142, -2, 6, 1, -2, -1, 1, 6, 6, 5, -3, 1, 5, 2, 6, -2, 2, 5, -1, 0, 0, 0, -2, 2, -3, 6, 6, -1, 6, 3, 406, 6, 5, 6, -3, -3, 0, 1, 6, 4, -3, 0, 3, 1, -3, -2, 4
0.0073710075, -0.0050303163, 0.009810939, -0.002500826, 0.0073777577, 0.0025360214, 0.0074805347, 0.0023503636, 0.014575349, 0.002385471, 0.009768283, 0.0046988945, 0.006961662, 0.0073597822, -0.002891162, 0.0045355526, -0.0026601085, 402.90225, -3.072769, 1.0122782, 0.8309634, -1.171968, 5.944976, 5.9646997, 1, 5, 2, 3, -2, 1, 0, -1, 5, 4, 6, 1, 3, 3, 6, 0, 3, 1, 4, 1, -1, 6, 1, 4, -3, 2, 2, 3, 404, 5, 3, 5, 3, 5, -3, 6, -3, 1, 6, 0, 3, 6, 4, 6, -3, 2
0.0073710075, 0.0074079507, 0.0120679205, 0.012480946, 2.0950534e-05, 0.0073509947, -0.004977478, 0.002432862, 0.012107953, 0.0019688173, 0.0122563075, 0.014279972, 0.01453525, 0.0020141802, -0.005465819, 0.009077138, -0.0029111328, -0.007751018, 408.71994, 0.935294, 1.8540845, -1.1960324, 5.0930467, -1.0026599, 2, -1, 6, 5, -1, 1, 0, -1, -2, 1, 0, -1, 3, 1, -1, 1, 4, 1, 5, -2, -3, -2, 1, 5, 3, 5, 5, 401, 2, 3, -3, 1, 6, -2, 5, 1, 0, -1, 1, 6, 4, -3, 1, 2, 0, 4
0.0024570024, -1.8336512e-05, 0.0073108017, -1.8796713e-05, 0.014909389, -0.00493884, 0.002400076, -0.005136432, 0.012189362, 0.009586087, 0.014637261, -0.0027533688, 0.0070510907, 0.0022665232, 0.014644552, 0.004666092, -0.00016284185, 0.00727904, -0.00034135816, 408.99054, 0.91990376, -2.0441496, 3.8046079, -1.148835, 5, 5, -3, 1, 5, -1, -3, -1, -2, -1, 2, -1, 2, -3, 1, 4, 3, 1, 6, 1, -2, 5, 3, -2, 0, 0, 409, 0, 4, 5, 5, -1, 4, -1, -1, -3, 5, 6, 1, 4, 6, 3, 3, 3, 5, 1
0.012285012, -0.007554643, 0.007397021, 0.007517113, -1.8311102e-05, 0.0074880924, -0.0048884763, -0.0049284995, 0.0049393387, 0.0045810146, 0.015042493, 0.0020384714, -0.00022195856, 0.012212673, 0.0097234845, -0.0024448712, -0.00022942208, 0.014376443, 0.0069694403, 0.0068901884, 404.94913, 4.9014297, 5.765685, 0.90099186, 0, 4, -1, 1, -1, 6, 0, 6, -3, 4, -3, 4, 0, -2, 2, 6, -1, -2, -3, -2, 3, -2, 5, 0, -1, 405, 3, 0, -1, 6, 4, 5, 6, 4, 2, 1, 4, 6, 3, 6, 0, -1, 3, 4, 5, 6
0.00982801, -0.007536306, 0.004963904, 0.0025235764, 0.012432982, -0.007326402, 0.0048957528, 0.0098624155, 0.0120309, 0.0023097242, 0.002322718, 0.0024594476, -0.000489953, 0.0050838203, 0.0046551223, 0.009669146, 0.0072377594, 0.014804922, 0.01238622, -0.007352145, -0.0004497609, 400.96454, 2.6574616, 5.8724236, -2, -2, 0, 6, 6, 5, 6, 5, 1, 1, 2, 1, -3, 0, 6, 4, 2, 1, 2, -1, 0, 5, 4, 4, 404, 3, 1, 5, -1, 0, 5, 2, 2, 5, -3, -3, 4, 6, -2, 3, -3, -3, 4, 5, 6, 5
0, -0.00746296, 0.009864484, 0.009906677, -0.0050068256, 0.00018912926, 0.002593191, 0.002407284, -0.0072929612, -3.436273e-05, 0.012414322, 0.012167684, 0.012243039, 0.009577375, -0.0024491912, -0.007317796, 0.007356531, 0.00452397, -0.007906279, 0.007027885, -0.007390815, 0.012412931, 400.89307, 5.9524913, -2, 0, 5, 2, 2, 4, -1, 0, 6, 3, 1, 2, 0, 5, 0, 2, -3, 5, 4, 3, 5, 3, 0, 401, 2, 2, 3, 2, 0, 3, 4, 1, 5, 3, 4, 4, 3, -2, 1, 2, 6, 0, -2, -1, 5, 5
0.0024570024, -0.0025059897, 0.012224857, 0.0074314685, 0.0099337045, 0.009893907, -0.0074092285, 0.002328197, -0.007492203, -0.005302894, 0.012278937, 0.009720502, 0.0051166466, -0.00024507963, 0.009815585, -0.00013191173, 0.012267072, 0.0071067656, -0.0077481777, 0.0022265457, 0.0076372367, 0.0147013115, -0.0054339725, 408.91116, 1, 6, 6, 3, -2, -3, 0, -2, 2, 2, -3, 3, 4, -2, 0, 0, 3, 0, 5, 4, 1, 6, 406, 1, 0, 0, 0, 6, -3, 5, 4, 4, -1, 2, 6, 4, 2, 6, -3, 3, 3, 0, 0, -3, -1, 4
0.0073710075, -0.0075179697, 0.009847311, 0.0024804352, -7.385106e-05, -0.00476698, 0.009988235, 0.009837259, -0.0074418364, 0.0073425043, -0.0026140048, 0.0025455432, 0.012010091, 9.721173e-05, -0.0075058113, 0.004804825, 0.0025986992, 0.0121198185, 0.0049581393, 0.007461611, -0.0053399582, 0.007837346, 0.0043629697, -0.0027229087, 0, 4, 1, 6, 1, -1, 1, 6, 0, -1, -1, 4, 4, -3, 5, 0, 2, -3, 1, 6, 0, 401, 5, -1, -3, 3, 5, 5, -2, -2, -2, 4, -3, 0, 3, -3, 1, 6, 0, 0, 0, 5, -2, 2, -2, 3
-0.0024570024, 0.00996895, -0.005017448, 0.0075129345, 0.007600081, 0.009638168, 0.014676194, -0.0023969822, 0.012210418, 0.0047131074, 0.0021867496, 0.0069970014, -0.0075195325, 0.012227174, 0.012207386, -0.0002018561, 0.009250702, 0.0046034376, 0.012305858, 0.014400767, 0.009549798, -0.008388888, -0.0033962952, 0.004796218, 6, 5, 6, 1, 2, 4, -3, 5, -2, 1, 5, 1, -3, -1, 1, 1, 1, 3, 6, 1, 409, -3, -1, -1, -3, 0, 2, -1, 6, 2, 2, -3, 1, -2, 1, 3, 3, 0, -1, 1, 3, 4, 6, 4, -1, 0
0.004914005, -3.6673024e-05, 0.0048662354, -0.0074693817, 0.009884299, 0.014716293, 0.0024974782, 0.00984279, -0.0027328853, 0.012085555, 0.014775867, 0.014787583, 0.0021068917, -0.0049743243, 4.707185e-05, 0.00686078, 0.007225871, -0.0024681254, 0.0146430805, -0.0073635844, 0.014576744, -0.0005700338, 0.0021179626, 0.009711547, 0, 6, -2, 2, 0, -2, 4, 4, 0, 4, 2, 2, 5, 4, -1, 1, -1, 2, 6, 404, 1, 5, -3, 0, 2, -1, 4, -1, 2, 2, 1, 4, 0, 0, 6, -1, -1, 5, -1, 6, -2, 4, -1, 2, 3, 5
-0.0073710075, -0.002432644, 0.0073700696, -9.85564e-05, -0.0025558244, -0.0072563104, -0.0023823187, 0.01223598, 0.0047540013, 0.0075336555, 0.0073733707, 0.014970055, 0.011971927, 0.012165645, 0.007392707, -0.0075642234, -0.007355221, -0.005316007, -0.0007190434, -0.007345259, 0.014777738, -0.0028349676, 0.011925955, 0.002333974, -2, 3, -2, 5, -1, -3, -1, 3, 5, 4, 6, -1, -1, 3, 0, -3, 4, 4, 409, 0, -1, 4, 2, 6, -1, 4, 2, 2, 3, 3, 5, -1, 2, 1, 5, 2, 4, 0, 0, 1, 5, 1, 5, 4, 3, 4
0.012285012, -0.007554643, 8.049574e-05, 0.012541833, 0.015037685, 0.014732252, -0.00258701, 0.012523908, 0.009484254, 0.0043981965, 0.009920958, 0.0046504615, 0.0020849265, -0.007561743, 0.014810614, -0.0053680292, 0.007055021, 0.014509753, -0.00767713, 0.009521149, -0.0028249298, 0.007290678, -0.00813779, 0.007053345, 0, 5, -2, -1, 2, 5, -1, 5, 1, -2, 2, -3, -2, 1, -1, 4, 4, 408, -1, 0, -1, 2, 1, -3, 3, 4, 0, 6, -2, 4, 1, 6, -3, -3, 4, 6, 1, 1, -3, 5, 3, 6, 4, -1, -1, 6
-0.004914005, -0.0049386336, -0.0023546494, 0.0049506207, 4.19625e-05, 5.5738088e-05, 0.004957461, 0.0025059779, 0.009812161, 0.0148089565, 0.007460664, -0.0076038525, -0.0076289373, 0.012345118, 0.0026770832, 0.012598373, 0.0119936485, -0.0074436967, 0.00012406465, 0.014474046, 0.012187717, 0.009742532, 0.0016562643, 0.0020643757, 6, 2, -3, 3, -3, 5, 1, -1, 0, 2, 1, 1, 3, -2, 3, -2, 408, 4, 0, 3, 0, 1, 3, -1, 5, 3, 0, 5, -2, -3, -3, -2, 3, -3, 6, 2, 6, 4, 6, 0, 3, 6, 4, -2, 6, 3
0, 0.0124382675, 0.004695823, -0.007474628, -0.007541512, -0.0049959966, 0.0024985522, 0.014806071, -0.0051246034, -0.002344791, -0.00016977696, 0.0050698253, -0.0048874766, -0.0048447135, -0.0025531808, 0.0024178978, -0.004871002, -0.007284916, 0.00986948, 0.0025079092, 0.009790801, 0.007343712, -0.0025931625, -0.007097062, 3, -1, 4, -1, 5, -2, 0, -1, -2, 4, 4, -3, 4, 4, -1, 410, 1, -2, 3, 2, 3, -1, -3, -3, 1, 3, 0, 4, 4, -2, 4, -1, -2, 0, -1, -3, 5, 6, -1, 1, -1, 6, 6, 2, 3, 3
0.0024570024, 0.014907584, 0.011970252, 0.007475547, 0.004991316, 0.002331819, 0.0122800255, 0.014749507, 0.009466862, 0.004590302, -0.0030373994, 0.014555352, 0.014482605, -0.0026703577, -0.007990366, 0.0015006474, 0.0070859496, -0.00035304087, 0.014493992, 0.0073616724, 0.0116657745, -0.0054973746, -0.00066085823, 0.0048515606, -3, 0, 3, -1, -1, 4, 1, 0, 5, 5, 5, -3, 1, 6, 406, -1, 1, -2, -3, 1, 4, 2, -1, 2, -3, -1, 4, 2, 6, -2, -1, 1, 6, 1, 0, -3, -1, -2, 2, 5, 2, 2, -3, -3, -1, -2
0.00982801, 0.014852575, 0.007075396, 0.0025678612, 0.009979367, 0.009624408, -0.00014590478, 0.012363084, 0.011843134, -0.0029479777, -0.007819946, 0.014680374, -0.007530905, -0.004771624, -0.008076317, -0.00095953746, 0.009582979, -0.005011048, -0.0022164895, 0.009797008, 0.0020946374, 0.014411123, -0.005143741, 0.009638152, 1, 2, 4, -2, 6, 6, 5, 2, -1, 3, 6, 0, 6, 407, 6, -3, 3, 6, -3, 4, -3, -2, 4, -2, 4, 3, 4, -3, 0, 4, 2, -2, -3, 2, 5, 3, 3, 3, -3, -1, 5, -2, 2, 5, 4, 3
0.00982801, 0.012364921, 0.007111768, -0.0049197734, 0.014905419, -0.0051108357, 0.0023120686, 0.004822813, -0.005165204, 0.014273772, 0.0020787616, -6.652514e-06, 0.0022014396, -0.007338416, 0.014641491, -0.007889713, -0.007247957, -0.002742562, 0.0071905158, 0.007459672, -0.0075706756, 0.010165757, 0.009527943, -0.0051444247, -2, 2, 1, 4, 1, 0, -1, 0, 0, 3, -1, 0, 406, 6, 1, -3, 0, 2, 5, 4, -2, -1, -2, 6, 2, 6, 5, 2, 0, 1, -1, -1, 2, 1, -2, 2, -2, -2, -3, 3, -2, 5, -3, -2, 3, 5
0.012285012, 0.014834237, 0.0021919883, 0.0026110017, 3.9996998e-05, 0.0022607374, -0.0075573805, -0.004888929, 0.0023901495, 0.0044044405, -7.070377e-05, -0.0077507123, 0.012275686, 0.004626559, 0.0069631794, 0.0069805896, 0.0146301715, -0.005276055, 0.014681137, -0.0028602618, 0.0074120634, 0.002407356, -0.0077083227, -0.005058293, 0, 6, -3, 6, -3, 3, 3, 3, -3, -2, -2, 408, 0, 0, 2, 3, 3, 6, 1, 0, 0, -2, -2, 6, 5, -1, 0, -1, 6, -3, 1, 3, -3, -1, 2, 0, 3, 4, 1, -3, -2, -3, 3, -1, -3, 3
0.004914005, 0.0024509805, -0.0073643457, -0.0049073678, 0.010000778, 0.0023115948, 0.009770756, 0.005046823, -0.00748138, -0.0073948484, -0.0026078473, 0.00013558748, 0.012266299, -0.0075594797, 0.012385603, 0.014730578, 0.012231401, 0.0074536647, 0.012539017, -0.0048264856, 0.0023679158, 0.0024373664, 0.0021938027, 0.0096538095, 1, -2, 3, 3, 1, 1, 0, 6, 1, 5, 408, 2, 0, 5, 0, -2, -1, 4, -2, 3, 0, 6, -1, -1, 4, 5, -1, 4, -2, 1, 4, 0, 4, -2, 1, 0, 5, -2, 1, 6, -2, 3, 2, 3, -3, 2
0.00982801, -0.0050486526, 0.014682899, 0.012455438, 0.004958223, 0.002579106, 0.004980708, -0.005064845, 0.004930926, -0.00037362284, -0.0076592215, -0.002780949, 0.007356969, 0.01486157, 0.009361035, -0.00010873251, 0.0023680567, 0.011499218, 0.007156962, -0.0025112152, -0.0051807747, 0.0074014403, 0.006704273, 0.0141543625, -3, 3, -3, 5, 6, -2, -2, 4, 0, 410, 1, 2, 0, -1, -2, -2, 0, 1, 5, 5, 3, 4, 5, 6, 5, 6, 5, -3, -3, 2, 5, 1, 6, 5, 2, 1, -2, -1, 3, -2, 5, -1, 6, 1, 6, 0
-0.004914005, 0.009987286, 0.0023048017, 0.004963627, 0.0025385325, -0.007476175, 0.004844365, -0.005039191, 0.009838375, 0.007255079, -0.0027645174, 0.012216019, -0.0075504193, 0.002560044, 0.0022851613, 0.0021339606, 0.0022039209, 0.010002054, -0.007343966, -0.007232746, -0.00018366659, -0.00530603, 0.0147477165, 0.011692713, -3, 0, 4, 5, 4, -1, 0, 3, 407, 6, -1, -2, -1, 1, -2, -1, 3, 1, 0, 0, -3, 4, 6, 4, -1, 1, 2, -2, 3, 1, 6, -2, 5, 3, 1, 4, 0, 6, -3, 5, 1, 0, 1, 6, 1, 0
-0.0024570024, 0.014944257, -0.0050901924, 4.4190925e-05, -0.007406479, -0.0001784548, -0.007513336, -0.0073543275, 0.009870294, -0.007416882, 0.014967319, 0.00952747, -0.007310149, 0.0070541343, -0.0026426308, 0.007316632, 0.004491149, 0.00288117, -0.0024941994, -0.0028886558, 0.0051115137, 0.009324586, 0.0053485977, -0.00029829744, 5, 1, -3, 1, -2, -2, 4, 406, 2, 4, 5, 5, 2, -1, 3, 5, 1, 5, 5, 3, 3, 1, -1, 0, 1, 2, 2, -2, 6, -3, 3, 2, -3, 6, 2, 0, 4, 3, -3, 1, 2, 2, 4, 6, 1, 4
0.014742015, 0.0023776344, 0.0023681247, 0.0025978826, 0.012477631, 0.0023481792, 0.004813571, 0.009961128, -0.005167884, 0.014260944, 0.007255862, 0.014752022, 0.009275679, -0.0074775494, -0.00010702582, -0.0031928588, -0.0025552516, -0.002671652, -0.0026965153, -0.0048416457, 0.009507658, -0.0028661287, 0.012240478, -0.0025514336, -1, 5, 6, -2, -2, 1, 401, -1, 5, 2, 3, 0, 1, -2, 1, 1, 5, -1, 1, -1, 1, 5, 2, -2, 4, 5, 6, 2, 5, 3, -1, 6, -2, -2, 4, 0, 0, 5, 1, 1, 0, -3, -3, -1, 2, 3
0.0073710075, 0.014870911, -0.0051130885, 0.0075989915, 0.0051196357, 0.0046515157, 0.0047199954, 0.0076013072, -0.0075438675, 0.0020199432, -0.0076774894, 0.012288493, 0.012194342, 0.0022157307, 0.0047111316, -0.005496663, 0.0121282935, 0.011993268, -0.007248997, 0.0070934882, -8.97668e-05, 0.002177705, 0.0120409895, 0.009358852, -1, 2, 3, 4, 2, 406, 3, 5, 6, -1, 5, -2, -2, 6, 5, 3, 5, 1, -2, 1, 3, 5, -2, 0, 5, -2, 4, -1, 5, -2, 5, -1, -2, 4, 6, 5, -2, -3, 6, 3, 4, 4, -2, 6, 5, 3
0.0073710075, 0.0074079507, -0.005003973, 9.876283e-05, 5.6553425e-05, 0.002310992, 0.009795353, -0.004825207, 0.004939553, -0.000114231465, -7.315609e-05, -0.0052349325, -0.00010470246, 0.014710465, 0.0071515525, 0.009927583, 0.0021145437, -0.0027712176, -0.0021977704, -0.0075279293, 0.009811501, 0.009285795, -0.0051524797, -0.002624047, 0, 5, -1, 0, 404, 3, -2, 3, -1, 0, -2, -3, 6, -2, -2, 6, 1, 2, -1, 4, 1, 3, -2, 3, 0, 3, 0, 3, 3, 0, -3, 0, -1, 0, 2, 4, -1, -2, 4, -3, -3, 2, 3, -2, 1, -2
0.00982801, 0.009877267, -0.0026072268, 0.0050985967, 0.010057986, 0.002243874, 0.014639824, 9.8527664e-05, 0.0072415234, 0.007003097, 0.012123314, 0.011900772, 0.004448021, 0.0021959776, 0.007174879, -0.0029885934, 0.009369816, -0.005194116, -0.005117561, -0.0051614298, -0.00035699274, 0.014164322, 0.0023430143, 0.014363287, -3, 1, 2, 402, -3, 3, 0, 4, 1, 6, -1, 1, 0, 0, 5, -3, -1, -1, 0, 3, 2, 2, -3, 6, 6, -2, 0, 5, 5, -2, 6, 3, 2, -1, 4, -2, -3, -1, -2, 5, 6, 2, 5, 2, 4, -2
0.012285012, 0.0023959707, 0.002373849, 8.5737905e-05, -0.0074931732, -0.0024625384, 0.007444737, 0.002569097, -0.004896241, -0.0025119572, 0.012448141, -0.0052606654, 0.014608752, 0.007041482, -0.007616628, 0.014889218, -0.0026366075, -0.0026228626, 0.0024265116, 0.01197037, -0.00760642, 0.014933413, -0.002311438, 0.012287616, 3, 4, 405, -2, 1, 1, 4, 6, 1, -1, 2, 2, -3, 4, 5, 0, 2, 0, 0, 5, 4, -3, 4, 2, 6, 6, 6, 6, -2, 0, -2, 0, -2, 3, 6, -3, 2, -3, 3, -2, 5, 2, 3, 6, 2, 0
0.00982801, 0.004901961, -0.007412167, 0.015085894, 0.010155489, -0.007557229, 0.0046670926, -0.002288492, 0.014670921, -0.0077468934, 0.014785631, -0.0030327893, -0.0051392415, -0.005283951, 0.0023067477, -0.007494497, 0.004480354, 0.00018595335, 0.009541383, -0.00047547263, -0.0052602305, 0.0021794813, -0.00750522, -0.0022792544, 1, 404, -2, 2, -1, -3, -2, 2, 2, 6, -3, 1, 2, 6, -1, -1, -1, 3, -1, 2, -3, -3, -1, 1, -3, 1, 2, 4, 2, 6, -1, -3, -1, 1, -1, -1, 1, 6, 2, -3, 5, 5, 5, -1, 0, 6
-0.0073710075, 0.0050303163, -0.0073720976, 0.014957335, -0.0073036016, 0.009767066, -0.0074940184, 0.015074662, 0.014510602, -7.5114556e-05, 0.000105939136, 0.0022538085, 0.0073558795, 0.0069594136, 0.009918806, -0.005093175, -0.005348579, -0.000408513, -0.0054355874, 0.0070137307, 0.014714414, -0.00046752824, -0.0029534511, 0.004811415, 403, 1, 1, -1, 4, 1, 1, 6, 3, 4, -1, 4, 1, -2, -2, 1, -2, 6, -2, -2, -3, -1, 6, 5, 6, 0, 6, 4, -3, 5, 2, 5, 0, 0, -1, 6, 2, 5, 6, 5, 5, 6, 4, 2, -3, 4
-0.004914005, 0.0025243263, -0.0073414496, -0.0024870513, 0.005030691, -9.738707e-05, -0.0025618703, 0.009962886, -0.0026227087, -0.007281988, 0.007448609, 0.0075836806, -0.0073261796, -0.0050246925, -0.0022460085, 0.014883368, -0.007555994, -0.004426192, 0.014798853, 0.012332374, 0.0148049025, 0.0046996437, 0.0047526844, 0.0075655556, -1, -1, -1, -1, -1, -2, 3, -3, -1, 1, -2, -3, 0, -1, -3, 4, 0, 1, -3, -1, 0, -3, 0, -2, 4, 0, 4, 6, 4, 5, 0, -2, -3, -2, -1, 3, 0, -1, -2, 4, 3, 1, 0, 6, -3, 2
0.0073710075, -5.5009532e-05, -0.0073336978, -0.007389078, 0.0024938316, -0.007454598, -0.0074984627, -0.0073478464, 0.0025159018, -0.007362937, -0.0022991921, 0.00016492722, -0.00010188152, 0.012373434, -0.00024504907, 0.0049811164, 0.009912134, 0.010122442, -0.006906715, -0.00020752334, -0.007146864, 0.0050271167, -0.004882552, 0.0022642473, 6, 5, 6, -3, 4, -2, -3, -3, -2, 5, -1, -3, 3, 4, 2, 4, -1, 3, 3, 6, 0, -2, 3, 2, 5, -3, -1, 3, 0, 3, -3, 3, -3, 0, 6, 3, 3, -2, 3, -2, -3, -1, 2, -2, -2, 1
0.0024570024, -0.0025059897, 0.0024694898, -0.002494098, -0.005031218, 0.014808356, 0.01001728, 0.00499442, -5.260879e-05, 0.00498784, 0.014931988, -0.0077660047, -4.7502155e-05, -0.0050770747, 0.010123931, -0.0047255913, 0.0072084325, 0.007155364, -0.0074553764, -0.007639768, -0.0050445055, -0.0026922354, 0.0026053805, -0.00018904058, 4, -3, 4, 6, 0, 1, 1, -2, -1, 5, 2, -2, 4, 1, 3, -1, 5, -3, -2, 0, 5, 4, 6, 2, -1, -1, -3, 3, 6, 4, -3, 2, 1, 3, 2, 1, 0, 1, 1, 4, 6, -1, 0, 2, -2, 6
0.012285012, 0.012346584, 0.009544886, 0.0050613214, 0.0049851295, 0.0023211583, -0.000107597225, 0.012362595, -0.002769939, 0.0043929126, 0.012131767, -0.00531998, 0.004851612, 0.0046386, -0.00034141794, 0.0046642446, 0.014599715, 0.0071543097, -0.0023367465, 0.004383003, -0.007486385, 0.0023922757, -0.0027840794, 0.014515874, 6, -2, 1, 1, 4, 3, 6, 6, -3, 0, 4, 1, -2, 6, -3, -2, 1, 4, 5, 1, -1, -3, 6, -2, -1, 0, 3, 5, 3, -2, 3, 1, 4, 3, 6, 3, 6, 6, 2, 0, 4, 1, -3, 4, 1, 3
-0.0024570024, -0.007444624, -0.0023240012, 0.007456469, 0.002548086, -0.004845061, -2.3076032e-05, -0.0049335016, 0.007468453, -0.0073094345, 5.896382e-05, -0.007504649, 0.0025251887, -0.005037865, 0.007492641, 0.0076405965, -0.00010079489, 0.01001495, 0.0047697923, -0.0048332745, 0.0023751166, 0.015160434, 0.012157609, 0.0018595353, -3, 3, 3, 0, 2, 5, 0, -2, 3, -1, -1, 5, -1, 1, 6, 1, 3, -3, -3, 2, 1, 3, -3, -2, -3, 4, -1, 3, -2, 0, 6, 0, 2, -1, 3, -2, -3, 2, 4, 3, 6, -3, 3, -1, 0, 4
-0.004914005, -0.0049386336, 0.0122784, 0.009863854, -3.0817406e-05, 0.00016359736, 0.0050426787, 0.0147191165, -0.005063456, 0.00977314, -0.00022101584, -0.0024833402, -0.0024309275, 0.007502576, 0.000113318616, 0.00020987661, 0.009876135, -0.007858091, 0.012117179, 0.0072518704, -0.002603453, 0.00018350083, 0.006636299, -0.004912657, -1, -2, 1, 6, 6, -2, 4, 3, 6, 6, -2, -2, 5, -1, -2, -2, 0, -1, 1, -3, 0, 3, 6, 0, 5, -1, 4, 3, -1, 3, 5, -3, 5, 4, 2, 2, 4, 4, 2, -2, 0, 3, 3, 0, -1, 6
-0.004914005, -0.0074262875, 0.0147536155, -0.000129947, 0.004858451, -0.0022694776, 0.014986633, 0.004680237, 0.0023983235, -0.007157119, -0.005311169, -0.007396743, 0.0026225874, -0.0022818132, 0.0072838436, 0.010115552, 0.014842795, -0.00770037, -0.0024159525, 0.0051880055, 0.004770305, -0.0073989956, 0.012097285, 0.007273869, 5, 5, 3, -2, 3, -2, 5, 4, 6, 6, 5, 1, 1, 3, -1, 0, -2, -2, 6, 6, 0, -2, 0, 6, 1, 1, 3, -1, 3, -2, 1, 6, -1, 4, 5, 2, -1, 2, 3, 0, -3, 1, 0, -2, -2, 4
0.00982801, -7.334605e-05, -0.0024617382, -0.002407929, 0.009976425, 0.009737358, 0.0073443456, 0.0025581329, -0.00013814107, -0.0050940607, 0.0023998853, 0.0023707636, 0.014601867, 0.012092523, -0.0003300336, 0.00958822, -0.007593199, 0.007054924, 0.009939162, -0.0024844077, 0.009690193, 0.014314927, 0.01458479, 0.0044817924, 3, -3, -2, 0, 0, 5, 2, 4, -1, 1, 4, 5, -1, 3, 4, -1, 1, 5, 6, -2, -1, -3, 1, -3, 4, 6, 1, 1, -1, -3, 2, 5, 1, 0, -2, 5, 0, 1, -2, 6, 0, 3, 5, 6, 0, 0
-0.0024570024, -0.0024693168, 0.002480938, 0.007444288, -0.007451546, -0.0048221922, -0.0048999293, -0.0049597286, -0.0022897644, 0.009782997, -0.007357026, 0.002507138, 0.012226381, 0.012256681, -0.002520035, -0.007475002, 0.0099839475, -0.000382242, -0.00512155, -0.0026141314, -0.0048174635, 0.01525076, 0.007162225, 0.0018754865, 3, -2, 6, -1, 4, 6, 1, 5, -1, 3, 0, 1, -2, 1, 4, 6, -2, -2, 4, 1, 5, 5, 3, -3, 5, 6, 3, 0, 5, -3, 0, 0, 6, 2, -2, 6, 4, 3, 4, 1, 4, 4, 2, 4, -3, 4
-0.004914005, 0.01247494, -0.005048096, 0.005007087, -0.0023881097, -0.0050795637, -0.00013655252, 0.0025437837, 0.009750338, -0.004934149, -0.00011685419, 0.0023184991, 0.014741721, -0.00045563598, -0.007650227, -0.0028702356, -0.00017759392, 0.012496701, -0.0025487102, 0.012044886, -0.0075742514, 0.01501246, -0.0075265532, -0.00029106633, 0, -1, 2, 4, -3, 2, -1, 0, -2, -3, 3, 4, 4, -2, 1, 5, -3, -3, 5, -3, 1, 1, -3, 5, -1, 2, 3, 6, -3, 4, 3, 5, -2, 0, 4, 3, -1, 3, 4, 5, -2, -1, 0, 6, 6, 4
0.0024570024, -0.004993643, 0.009822388, 0.002450001, 0.0024264276, 0.0025723674, 0.002555035, -0.00756616, 9.368847e-05, 0.009678085, -0.007551001, 0.009882213, 0.007199775, 0.00018425337, 0.0047738883, 0.011976333, -0.0049574273, 0.012084993, 0.0023174367, -0.0069303596, 0.009610058, -5.9413538e-05, -0.0054870294, 0.0021190527, 3, 3, -2, -3, 4, -2, -1, -2, 5, 6, -3, 4, 3, 0, 2, 1, -2, 4, 1, 4, -1, 6, 6, -1, 6, -1, 2, -1, 1, 1, 0, -3, 4, 6, -3, 4, 5, -1, 2, 3, 5, -3, -1, -3, 6, 4
-0.004914005, 0.014962593, 0.0119874235, 0.00991423, 2.1361819e-05, -0.0074536526, -0.0025517435, 0.0072576595, 0.012067143, 0.0070896265, 0.0020897812, 0.0021796813, 0.002419957, 0.009660849, 0.011990402, 0.009588539, 0.0021555496, 0.012072122, -0.0002770752, -0.0025822893, -0.00015403597, -0.0076332856, 0.014297884, 0.006757824, 5, 6, 1, -2, 3, -3, 4, 6, 6, 5, 1, -2, 6, 0, -3, 4, 4, -1, 0, -3, 1, 4, -2, 6, 2, -2, 6, -3, 6, 2, -2, 4, 2, 2, 2, 6, 0, -2, 5, -3, -3, -2, 2, 6, 1, 0
0.004914005, 0.012401594, 0.0046843747, 0.007524778, -0.0074303052, 0.0023638555, -4.4826225e-05, 4.362592e-05, 0.009764161, -0.0051417244, 0.012324825, -0.005538896, -0.0048145833, 0.0021705825, 0.004673598, 0.0074385325, 0.006953031, 0.0073707434, 0.012145473, 0.0019390074, -0.0051046987, -0.0077218423, -0.007498701, 0.0122946, -2, 5, 0, -3, -1, -2, -3, -1, -1, 0, 2, -1, 6, 4, 4, 3, -3, 5, 0, 0, 3, 1, -1, -2, -1, -1, 3, 0, 4, -2, -1, 1, -3, 2, 0, 6, 5, 2, 3, 2, -2, 5, 4, 6, 4, 3
0.014742015, -0.0025976724, 0.009757396, 0.015017023, -0.0024619787, 0.0049942597, 0.014863623, 0.009990981, -0.00011245931, 0.0143625075, -0.0026659563, 0.012010404, 0.009318709, 0.009902755, -0.0077494867, 0.011872808, 0.0070072496, 0.0043110107, 0.0024088938, 0.014607118, 0.011630548, -0.0054348386, -0.005910005, 0.01219782, 2, 5, 5, 2, 5, -1, 6, 4, 5, 3, -3, 2, 5, -3, 2, 3, -1, -2, 6, 3, 1, 2, 1, 2, 5, 2, -1, 3, 6, 0, 3, 0, 6, 5, -2, -2, -2, 6, 3, 6, 6, 1, -3, 6, 5, 2
0.0024570024, 0.009932277, 0.009604155, 0.0024877826, -2.8460552e-05, 0.012227093, -0.002466155, 0.0123230815, 0.0119396355, -0.0026982604, -0.00767667, 0.009753611, 0.009794074, 0.014683527, -0.0031429322, 0.009190608, -0.002748472, 0.006897838, 0.012249574, 0.014629466, -0.0028015568, 0.0020958974, 0.014448528, -0.0028444221, 3, -2, 1, -2, -1, 3, 5, 4, 1, 3, 2, 4, 6, -3, -2, 4, 4, 2, 4, 4, -2, -2, 4, -2, 5, -2, 3, -3, -2, 3, 2, 0, 4, 6, 3, 6, 2, -3, -1, -3, 1, 5, 6, -2, 1, 0
-0.004914005, 0.01247494, 0.007146113, -0.0075237467, 0.0049100406, -0.0074840835, -0.0049959677, -0.0051868954, 0.004852095, 0.0048242607, 0.014654446, -0.007594411, -0.0048209704, -0.00015479565, -0.0025989267, -0.0074966154, -0.004826811, 0.005224393, -3.6004716e-05, -0.0050561475, 0.012531644, -0.0051567852, 0.014935716, 0.0045659277, -2, 6, 4, -1, 1, 4, 4, 0, 2, 6, 2, -3, 0, 0, 3, -1, 3, 0, 3, 4, -2, 2, 1, 5, 6, 3, 5, -3, -2, 0, 5, 2, 6, 0, -2, 5, 0, 5, 6, -2, 0, -3, -3, -1, 2, 1
0.012285012, 0.0073712775, 0.0071787885, 0.015036232, 0.015040429, 0.002316827, -0.00021208484, -0.0024898057, 0.014547571, -0.0055830264, -0.005306084, -0.00043397106, -0.004948883, 0.007399309, 0.011691825, 0.009464323, -0.0028872215, -0.007908986, 0.0071968324, -0.007330922, 0.00467782, -0.005578477, -0.0002786865, 0.0049348776, -3, 2, -2, 0, 5, 6, 2, -3, 3, 6, 3, 2, 1, 1, 2, -1, 5, -3, 2, 6, 0, 1, 1, 0, -3, -2, 3, 1, 1, -1, 2, 1, 4, -2, 5, 2, 6, 3, 5, 2, -2, 3, 1, 2, -1, -1
0.0073710075, 0.0074079507, 0.014506763, -0.0049878955, -0.0026207964, 0.012293775, 0.0025831542, -0.007589396, 0.0073416377, 0.0022406406, 0.0023116514, 0.004571148, -0.0073697804, 0.012505859, 0.0044075698, -0.00027459633, 0.014589448, 0.0069832527, -0.0047343834, -0.0075927526, -1.5663267e-05, 0.011878957, 0.0023297009, 0.0067205355, -1, -1, 5, -2, 5, -1, 4, -3, 6, -3, -2, -1, 0, -3, 0, 2, 6, 3, 6, 3, 1, 4, 1, -3, -3, -3, -1, 4, 6, 3, 4, 6, -2, 0, 3, -3, -1, 4, 5, 4, -3, -1, 6, -1, 1, 6
0.004914005, -0.007499633, -0.0072188573, 5.500293e-05, 0.010011668, 0.012262724, -0.007481171, 0.0026074646, -0.0074548814, 0.0046909153, -0.007279581, 0.010182433, 0.01213296, 0.004900137, 0.014927697, 0.007125584, 0.00738372, 0.012049412, -0.0048404457, 0.01227786, 0.012457268, 0.004888529, 0.0066888896, -0.005358782, 1, 1, 5, -3, 4, 5, 4, -1, 4, -2, 2, 5, -1, -2, -3, -3, 4, 5, -1, -1, 6, 1, 3, 6, 4, 0, 2, 4, -3, 3, -3, -3, -2, 3, 6, 5, 2, 5, -2, 2, 6, 5, 6, 6, -1, 3
0.014742015, -0.0025976724, 0.007318553, -0.0024270443, -0.002573116, -0.0073091327, 0.0124264825, -0.007458968, -0.007205883, 0.012163861, -0.007532531, 0.0074027805, 0.0044951285, 0.015125675, 0.012078565, 0.012326433, -0.007415217, -0.008051621, 0.0072813546, 0.014934434, 0.014508412, 0.007229074, 0.0016765657, -5.9560934e-05, 1, -1, 6, 1, 0, 1, 2, 6, 6, -1, 5, 5, 0, -1, 2, 4, -2, 3, -3, -1, 6, 3, 3, 6, 6, -3, 2, 6, 2, 3, -1, -3, 3, 3, 6, -3, -1, 0, 5, 2, 5, 5, 6, 1, 3, -3
0.0024570024, 0.0049569705, 0.004799215, -0.0024875945, -0.0050299442, -0.0073781093, 0.0049750586, 0.009867393, 0.009657687, 0.00010493552, 0.0073322128, -0.007592483, 0.007184277, -0.0026438325, 0.0022965912, -0.004991387, 0.0073628016, 0.0073873685, 0.0023416877, 0.014396089, -0.0002880332, 0.00017572995, 0.0071064853, -0.00025423363, 6, 0, 1, -3, 3, 5, 5, 4, 4, 0, 0, 5, 1, -1, 0, -2, 1, 2, 6, -2, -2, 0, 0, -2, -3, 0, 0, 4, 4, 3, -2, 3, 2, 1, 5, 5, 2, 4, 1, 3, -3, -1, 4, -1, 2, 4
-0.004914005, -0.0049386336, 0.0122784, 0.0123576345, 0.00746974, -0.004786511, -0.0049384367, 0.007236665, -0.0025706969, 0.014468885, 0.01221873, 0.0023640762, -0.0025461274, 0.014713381, 0.0025751314, 0.002592144, -0.0049793916, 0.0021574502, 0.009393756, 0.004759788, 0.009880389, -0.005083096, -0.0035552855, 0.004946537, -2, 5, -2, 6, 2, 5, 5, -2, -2, 5, -3, -1, 5, 6, -3, -3, 2, 3, -2, -2, 2, -1, 6, 2, 6, 5, 4, 2, 2, -2, 1, 0, 2, -3, 0, 3, -2, 5, 5, 5, -2, -2, 1, 0, 2, -3
0.00982801, -0.0025609995, 0.0024523174, -0.007426559, 0.007402314, 0.007359018, 0.0024867072, 0.009909798, 0.0095365, 0.009708136, -0.0050270767, 8.244688e-05, 0.011825187, 0.014877633, -0.00042375212, -0.0005305599, 0.009845518, -0.007931483, 0.0075275265, 0.0096800765, 0.0046521, -0.0077375956, -0.0005577472, 0.0048804795, 5, 1, 4, -3, 6, -1, 5, 4, 5, 3, 6, 0, -2, 1, 2, 6, 1, 6, 0, 4, 4, -3, -1, 1, -2, 4, 6, 2, 0, 6, -3, -1, 0, 5, 1, 3, -1, -3, 6, -3, 5, 1, 1, 6, 2, 4
0, 0.00746296, 0.009646251, -0.002524438, -7.209637e-05, -0.0073915683, 0.0123872, 0.0072729555, 0.004769605, 0.009843619, -0.0028486226, 0.009866055, 0.0021301997, -0.0023093317, 0.009685707, -0.0052831513, 0.0073569636, 0.014627497, 0.009708528, -0.002380738, -0.0078375805, 0.015021997, -0.0008146754, 0.011659066, 5, 1, -2, 3, 5, 5, 4, 1, -2, 0, 1, 6, 2, 6, 1, -3, 3, 6, 2, 6, -3, 5, 0, 6, 1, 6, 0, 1, 3, 0, 1, 6, -3, -3, -2, 5, 1, 0, 6, -1, -1, 5, -3, 1, -3, 4

