403, 3, 6, 1, 0, 6, 4, 0, 0, 3, -1, 3, -2, 6, -3, 0, 1, -3, 0, -2, 6, 3, 5, -1, 2, -1, 2, 2, 4, 2, 5, 1, -3, 1, -3, -3, -2, -2, 5, 3, 4, 6, 3, 2, 1, 5, 0, 3, -1, 3, -1, 5, 3, 2, -2, 6, 2, 1, -3, 2, 0, -2, 6, -2, 1, 0, -2, 0, -1, 404
0, 404, 1, 4, 5, 3, 1, 4, 6, 6, 3, -2, 2, 1, 5, 1, -1, -2, 6, 2, 6, 2, 0, -1, 6, 1, 1, 3, -1, 1, 6, -3, 4, 2, -3, 5, 2, 6, 5, -2, -1, 3, -1, 2, 2, 1, -2, 4, 2, -1, 2, 2, 1, -1, 6, 2, 2, 3, 5, 6, 6, 1, 1, -3, 1, 4, -3, 3, 404, 4
0.014888337, -0.00011055695, 403.9108, 2.985554, 4.0005527, 1.9110016, -2.0594428, 5.000442, -2.9993367, -1.0440016, 0.015220008, 4.955114, 5.029998, 2.9107807, -0.9547822, 1.0001105, 1.9850012, 6.0444436, 3.0006633, 5.029998, -0.08866668, 2.955556, -2.0744417, -1.9852222, -3, 1, 0, -2, 6, 2, 3, 1, -3, 5, 5, 2, -1, 5, -1, -2, -3, 4, 2, -3, 1, 3, -2, -3, 0, 4, 2, -3, 2, -1, -2, 2, -3, 0, -3, 4, -1, 2, 3, 0, 5, -2, 5, 403, -3, 4
-0.0074441684, 5.5278477e-05, 0.012489415, 400.96994, -2.050241, 2.0206318, 3.0554426, 2.9373264, 1.0371282, -1.9649601, 3.9922, 5.960557, -1.0778205, 6.0082555, -3.010684, 2.987454, 5.982708, -2.0977135, 3.9621918, 2.9221795, -2.954559, 2.9853086, 2.0631294, 4.0174055, 0, 4, 0, -2, -3, 1, -3, 0, -2, 3, 5, 0, 6, 3, 5, -3, -3, 4, 3, 3, -3, -2, -1, 2, 0, 0, -3, -2, 5, 1, -2, 2, 6, 0, 6, 2, -2, 0, 6, 2, 6, 1, 402, -2, -1, 5
0.0024813896, -1.8426159e-05, -0.0025126087, 1.2703805e-05, 401.01016, 5.989943, 4.98488, 3.0126004, 2.9925613, 0.99006826, -0.9974758, -0.9951064, -0.98234826, 2.9923675, 6.0051756, 5.0024934, 6.002412, -0.9773787, -1.9924003, 4.017601, 3.985037, 3.9999812, 5.9823546, 0.99742377, -1, 1, 6, 4, -2, 5, 0, 1, 4, -2, 0, 4, 4, -2, -3, 1, 0, 5, -2, 3, 0, -1, -1, 4, 1, -3, 3, 2, 1, 2, -3, 4, -3, 4, 3, 3, 1, -3, -1, 4, 3, 401, 6, 2, -2, 1
0.009925558, -7.3704636e-05, -0.0026230537, -0.004992393, 0.0024952644, 403.94083, 1.9577849, 1.0205584, 5.9902854, -1.0443532, 2.032606, 2.0153139, 1.0302628, 0.97068435, -1.0023743, 5.0051293, 0.0100979265, 2.0374503, -1.9669343, -0.96224385, 5.915962, 3.9830463, 3.940303, -2.9777877, 6, 1, 3, 5, 2, -2, 2, 4, 3, -2, 0, 5, 5, 4, 6, 5, 3, 2, -2, -2, -3, -2, 2, 4, -1, 6, 1, 1, 0, -2, 1, 3, -3, 0, 3, -2, -2, 3, 4, 5, 405, 6, 2, 2, 4, 4
-0.0074441684, 0.014906764, 0.0075010583, 0.007295864, 0.012245116, 0.0071731317, 407.93298, 3.8372238, 1.8458776, 4.9504266, 0.91622895, -1.0307809, 4.930071, 1.9204844, -1.1340829, 4.8586364, -1.1097605, -2.0252008, -3.10235, -1.1460457, -1.1137877, 0.8710177, 2.9362104, 2.0021899, 3, -3, -3, -1, 4, -3, 5, 3, -1, -3, 1, 2, 6, -2, -1, 3, 1, 6, 0, -1, 6, 1, 1, 5, -1, -1, 2, -2, -3, -2, 5, 6, 5, 3, -1, -3, -3, -2, 6, 410, 4, 0, 6, 5, 1, 6
-0.004962779, -0.0073888903, 9.2014285e-05, 0.015049119, 0.00016815201, -0.004900838, 0.0024273705, 401.98007, -0.94662493, -0.9284125, -2.0349712, 1.9224994, 6.0138564, 4.9460716, -1.9357173, -2.025767, -2.090909, 3.0164118, -3.0173445, 3.9578032, 3.1496081, -2.9987986, -2.994866, -2.0922487, -1, 4, -2, 5, -1, 4, 2, 0, 2, 2, 6, 0, 3, 2, 6, -2, 1, -2, -2, 3, 4, -2, 1, 3, -3, 0, 6, -1, 1, 3, 0, 1, 2, 5, 6, 0, 5, 2, 407, -2, 2, 4, 6, -1, 0, 3
-0.0074441684, 0.005005773, 0.014952953, -0.0076245666, -0.005237975, 0.01249652, -0.002254029, 0.002336626, 406.9699, -1.9755088, 4.9839444, 2.9664848, -3.1292908, 0.038260292, 4.9899087, 4.982159, 5.0620823, 1.8391088, -0.030492108, -3.0565953, 5.9305034, 3.9710367, 4.0796824, -1.8902842, 4, 5, -3, 3, 2, 6, -1, 6, 4, -3, -3, 3, 2, 6, -1, -3, 5, 5, 5, 5, 2, 1, 0, 4, -3, 0, -2, 2, -2, -1, 1, 2, 6, 0, -3, -2, 0, 410, 0, -3, 2, 3, -3, 1, 0, 3
-0.0074441684, 0.005005773, 0.014952953, 0.0023512442, -0.0026932692, -0.0073959986, 0.012443923, -0.00033282538, 0.014844967, 400.97488, -3.1057942, 4.9258904, 3.8945014, -0.025574131, 5.9221473, 1.8884118, 3.92291, 0.91356957, 0.93392074, 4.9576726, 0.0042603435, 0.93055236, 6.0105467, 5.0009136, 4, -1, -1, -3, 0, 3, -3, 4, 2, -2, 5, -3, 0, -2, 6, 4, 4, 4, 4, -3, -3, -2, 6, 3, 1, 5, 3, -1, 2, 2, 3, 3, -1, 4, -2, 4, 401, 6, 0, 0, 1, -2, 0, -1, 3, 2
0, 0.004950495, 0.0049393317, 0.0049017426, 0.0024077625, -0.0050715785, 0.009776535, 0.0047303555, -0.0024826543, 0.009797358, 403.02167, 4.928913, 4.855556, 0.90711254, -1.0502106, -0.055245515, 4.9462924, 2.0041606, -1.0337465, -1.1273013, -1.9837022, 1.9778483, 1.9424145, 3.914194, 1, -2, 2, 0, 3, -3, -2, 1, -3, -1, 4, 1, -2, -2, -3, 5, -2, -3, -2, -2, 6, -1, 2, 5, 2, 3, 0, 0, 6, 4, 0, 0, 2, 3, 0, 410, 2, -3, -1, 3, 5, 5, 3, -2, 3, 5
-0.0024813896, 0.0024936735, 0.012409657, 0.012358676, -0.005079112, 0.012351175, -0.007363058, -0.0026801827, 0.0072774617, 0.0077211536, -0.0027310166, 402.7987, -3.0183818, -1.0649785, -3.0264206, 0.8911192, 2.8693702, 1.8965379, 0.87226564, 2.9068618, -3.0636563, 1.8676995, -1.0628303, 5.0118117, 5, -2, -2, 3, 6, 0, 4, 5, -1, -3, 5, 1, -1, -1, 0, 2, -3, -2, -2, 4, 3, 3, 4, 0, 2, 3, 6, 2, 4, 2, 3, 5, -1, -3, 401, 1, 1, -3, 1, 1, 5, 2, 0, 0, 4, -3
0, 0, 0.014854765, -0.007592464, 0.0122815, -0.007641247, 0.0024698395, 0.014700588, 0.00017398296, 0.014919177, 0.007768783, 0.004620807, 401.75513, 1.8938402, 4.874091, 1.9696838, -3.1353185, -3.1557672, -2.9629605, 0.7573138, -1.0399301, 5.963434, 5.9393287, 0.9229527, 5, 4, -3, 6, -1, 0, 1, 1, 4, 5, 3, 3, -3, -3, 0, 2, -2, 0, 1, -1, 0, 4, -1, 5, -2, 3, 5, 2, -3, -3, 6, -1, 4, 404, -2, 4, -3, 1, -1, 0, -2, 5, 1, 6, -3, -2
0, 0.004950495, -0.007439639, 0.0024999618, 2.5275458e-05, 0.0074123796, -0.007458451, 0.005052577, -0.007569447, -0.002489387, 0.009943262, 0.0024460284, 0.009891845, 401.9588, -1.9935842, -1.9744326, 5.0297184, 2.0375354, 6.0290017, -3.0154867, 5.991257, 1.945798, 5.9574604, 4.965522, 3, 5, 5, 4, -2, -1, -1, -1, 5, 3, 0, 2, 6, 6, 0, 6, -2, 5, 3, 4, -1, -3, -2, -1, 0, 3, 5, 2, 1, 6, 3, 3, 407, 6, 4, 3, 1, -3, 6, -2, 0, -3, 1, 3, -1, 0
-0.0074441684, -0.002419969, 0.005068161, -0.0049829353, 0.007435243, -0.0074075907, -0.002364854, 0.009933846, -0.00719763, -0.0049280752, -0.004751473, 0.00022820024, 0.002355591, 0.004982755, 409.00333, 2.0936308, 0.05930555, -3.0565434, -2.9818532, 1.9096471, -0.9682397, 0.07707871, -0.8958019, -0.9821619, 5, 1, 2, -3, 0, -1, 6, 4, -2, 2, 2, 6, 5, 2, 0, 5, 6, 1, -2, -3, 3, -3, -3, -1, -3, -3, 3, 2, 4, 4, 1, 409, 6, 6, 5, -3, 0, 4, -3, 6, 2, -3, -2, -1, 2, 1
-0.0024813896, 0.0074441684, 0.0148731945, -0.002672769, -0.00025486053, -0.0050228634, 0.00012840959, 0.0047492473, -0.004821421, -0.007575761, 0.0024952337, 1.1811227e-05, -0.007764624, 0.012375787, 0.014917777, 406.0681, -2.0376806, 1.9144987, 5.881996, 2.9309995, 1.9453951, 2.0340436, -2.8699408, -2.9804842, -3, 3, -1, 6, 0, 1, -2, 2, 2, 3, 0, -2, 1, 1, 5, 5, 6, -2, 6, -1, 0, -2, 3, 4, 1, 5, 1, -3, 5, 5, 403, 1, 0, -1, 0, -1, -3, 5, -2, 6, 1, 6, -3, -3, -2, -3
0.004962779, 0.012339385, 0.014750494, 0.014718414, 0.014736457, -0.0005272903, -0.005194998, -0.0054487074, 0.01208549, 0.0074438304, 0.0021867056, -0.0030126204, 0.004951854, 0.006978367, -0.0054163584, -0.0004532196, 407.67175, 0.9607003, 5.7765718, 0.8641642, 5.7791324, 2.708852, 2.7096412, -2.0835457, 0, -1, 4, -1, -1, 6, 5, -3, 5, -3, 6, 0, 6, -2, 0, 6, 6, -2, 5, 4, -1, -2, 3, 5, 1, -1, 3, 6, -2, 410, -3, -1, 0, 3, 3, -2, 2, 4, 4, 4, -1, -1, -1, 2, 0, 1
0.014888337, 0.009790433, 0.0022303923, 0.012318358, 0.0073997644, -0.00047575936, 0.01191778, 0.0070798635, -0.00024429255, -0.00533102, 0.0147208, -0.007815658, -0.007856502, -0.008125548, 0.009936169, 0.0046067927, 0.0046537253, 404.08713, 2.9862654, -0.07162374, 1.8738263, 5.906867, 5.949307, 2.0503058, 5, 4, -1, 6, 3, -2, -1, -2, 0, 4, 2, 5, -1, 0, 0, 1, 3, -1, -3, -2, 2, -2, -3, 6, -2, 5, -2, -2, 408, -2, -1, 0, -1, 0, -3, -2, -1, 4, -3, -1, 5, -2, -1, 2, 6, 5
0.0024813896, 0.0074073165, 0.014799566, 0.014773439, 0.0123040425, -0.0053694607, 0.0071511376, 0.014413511, 0.0073234183, 0.014881855, 0.0049048034, 0.0117415935, 0.009468197, 0.004277697, 0.0045577763, 0.009355344, 0.0115902005, 0.0071881823, 403.7858, 4.6491933, 1.8231173, -3.3335211, 0.71620387, -3.1593382, 2, 1, 0, -2, -3, 2, 6, 4, -3, 3, -2, 4, 1, 6, -2, 1, 2, 6, 4, -3, 6, 6, 6, 1, 3, -2, -2, 406, 5, 0, 0, 0, 4, 2, 5, 2, -2, 6, -3, 5, 3, 1, 6, 0, -1, 1
0.0024813896, 0.014833058, 0.0048780045, -0.0026844337, -0.00024733474, 0.004798219, 0.0048668003, 0.0121929785, 0.0022187699, -0.007730555, -0.00013917194, 0.0050096866, 0.012192021, 0.002191086, 0.012126892, 0.0071923374, 0.014957159, -0.0049450933, 0.0072210194, 405.85822, 1.7371413, -1.1197783, 3.9808168, 4.1617064, 2, 5, -3, -2, -1, 3, -3, -3, 4, 2, 6, -1, 1, -2, 6, 1, 6, -1, 6, -1, 4, 1, -1, 0, 1, 1, 401, 6, -2, 6, 4, 4, 3, 6, 6, 6, 1, 5, 1, 6, 3, -2, 3, -1, 2, 3
0.012406948, 0.0048583644, -0.0026721247, -0.0075413706, -0.00505988, 0.002380637, 0.0024112174, 4.8861264e-05, 0.0097479755, 0.014791158, -0.0049294163, 0.014761133, 0.012550418, -5.429701e-05, 0.0021155165, 0.014536831, -0.002404446, 0.009931807, -0.00019308187, 0.0022942398, 407.83893, 3.767287, 5.766359, 4.9379992, -2, 0, 4, 3, 6, -1, -2, 1, 4, 2, 6, 5, 4, -3, 4, 3, -1, 6, 3, 5, 1, 0, 3, 1, 5, 403, -1, -3, -1, 4, 0, 6, 4, 1, 4, -3, 5, 0, 3, 0, 4, 6, -1, 5, 3, 6
0, -0.004950495, 0.0024880506, -0.007450998, -0.0074822977, 0.005124442, -0.007206805, 0.015110729, 0.014900843, 0.0027671608, 0.004958448, -0.00773176, -0.0027135417, 0.009928632, -0.007335081, 0.00017271616, 0.0072530443, -0.007924573, 0.014787264, 0.007430895, 0.009103787, 408.07635, 0.9019643, 2.0810723, -1, 3, 1, -3, 1, -3, 6, 0, 4, 3, 4, 2, 1, 1, 1, -3, 5, 6, 4, -1, 6, 6, -3, -3, 410, 6, 4, -2, 0, 5, 4, 5, 5, 6, 6, 1, 0, 6, 4, 3, 5, 4, 4, 3, 1, 6
0.0024813896, 0.0074073165, 0.012323772, -0.00017184316, -0.00021618107, 0.012231944, 0.01467325, -0.0028829426, 0.0071018944, -0.005206452, 0.009639191, 0.0022348585, -0.0003419999, 0.014706973, 0.009901008, 0.009420785, -0.0076854248, 0.0022702785, -0.0076405676, -0.0023115694, -0.00039245226, -0.007939008, 408.8826, -3.0248313, 5, -2, 2, -2, -1, 2, 1, 3, 0, -3, 4, 2, 1, -3, 2, -1, 1, 4, 1, -3, -1, 3, -3, 403, 2, 5, -1, 0, -3, 3, -3, -1, 2, -2, -2, -3, 5, 0, 6, 1, -2, -1, 4, 4, 2, 4
0.014888337, 0.012265681, 0.01212744, -0.0052376953, 0.0096741095, 0.00446435, 0.014493057, 0.004518547, 0.0046441867, 0.0070348973, 0.002466395, 0.009675522, -0.00037524966, 0.0020397324, 0.00714821, 0.01183088, 0.004644025, 0.012255086, -0.0052998518, 0.002112293, 0.0017018287, 0.006552888, 0.0017753312, 405.9467, -1, 2, 2, -3, 2, 3, 2, -1, 6, 6, -1, -2, 0, 2, 4, 4, -1, 2, 6, -3, 1, 0, 402, 1, -3, -1, 3, 2, 0, 3, -2, 5, 6, 0, -3, -3, 3, 3, -1, 4, 5, 5, 5, 2, 0, 5
0.0074441684, 0.009845711, 0.012244014, 0.009767859, -0.005182375, 0.002261976, 0.0072981436, 0.0046171434, -0.007468912, 0.0072609675, 0.007422536, 0.009476699, 0.014471212, 0.0069759535, 0.009875033, 0.004721586, 0.007195088, -0.007425069, 0.0021587717, -0.0029548735, 0.009715214, 0.014173277, -0.00042560918, 0.0069681113, 6, 2, -2, 4, 1, 1, 0, 1, 5, -2, 2, 1, -1, 2, -3, 3, 6, -2, 2, -1, 5, 410, 2, -3, 1, 3, -2, 1, 4, 2, 2, 1, -3, 5, 1, 6, 6, 4, -1, -3, 0, 3, -2, -2, -3, 1
-0.0024813896, 0.004968921, 0.0025003527, -0.0075438553, 0.004861936, 0.0049049864, 0.012255239, 0.012247128, -0.0026278358, -0.0077031343, 0.0025071523, 0.0051325415, 0.012084818, 0.0122518875, 0.0024526264, -0.0050486177, 0.00745654, -0.002537883, 0.0149969775, 0.007206824, 0.014219261, 0.004695748, -0.0054900306, 0.014542613, 0, 1, 2, 3, 0, 2, 4, 3, -2, 5, -2, -3, -1, 1, 3, -3, 0, 6, 6, 2, 410, 2, 6, 1, -2, 5, -3, -3, 2, 4, -2, 4, 4, 5, 4, 0, -2, 5, 3, 0, 1, 3, 1, 1, 2, 3
0.014888337, -0.0050610523, 0.0047429553, 0.0074599, 5.3927342e-05, -0.0051953336, -0.005044003, -0.0049775844, -0.007193617, 0.0025088103, -0.004841009, -0.00763413, -0.007336632, 0.009719373, -0.0021416533, 0.015007215, -0.005050705, -3.223511e-06, -0.0004975885, 0.014751215, -0.0075493413, -0.002350889, -0.0073775914, -0.00011821739, -2, 3, 1, 6, 2, 1, 4, -2, 4, 0, -3, -1, -2, 1, 3, 4, -3, 3, 2, 403, 0, 6, 5, 4, 3, 5, 2, 5, 4, -3, 5, 6, 0, 3, 3, -2, -1, 2, -2, -1, -2, 0, -1, 1, 2, -3
0.004962779, -0.004987347, -6.137327e-05, -0.004950072, 0.012506, 0.01218098, 0.014497347, 0.014749637, -0.00021701018, 0.009843714, 0.005150564, -0.005198134, 0.009395573, 0.0045461077, -0.0026828698, -0.002858521, 0.0072224163, -0.00750126, -0.0069872187, -0.007461614, 0.006895761, -0.00038572383, -0.005583239, 0.0072632576, 3, -1, 3, 6, -2, 6, 4, 3, 4, 2, 3, 3, 2, 2, -3, 4, -2, 6, 405, 3, 4, 0, 2, 1, -3, 5, 2, 1, 4, -2, 2, 1, 1, -3, -3, 4, 4, 4, 6, 3, 6, 3, 4, -3, 3, -3
0.012406948, 0.0023831166, -0.0001902024, -0.002547252, 0.0024528627, -0.0002247186, -0.005041042, 0.0025152594, 0.014727044, -0.0025014107, 0.012274533, 0.01212682, 0.015092419, -0.0027323135, 0.0022336277, -0.00023325258, -0.0076268576, 0.009944021, -0.0022753605, 0.014865479, -0.0002590298, -0.0030541064, -0.007993619, 0.011941642, 0, 4, 0, 4, 1, 3, 3, 5, 0, 5, 3, 1, -1, -2, -3, -1, -2, 403, 3, 6, 4, 1, 0, 5, 0, 3, 6, 2, 2, 6, 4, 3, -2, 2, 6, 4, 0, 5, 5, -1, 6, 1, -1, 1, 5, 0
0.0074441684, -0.005005773, -0.0025739823, 5.0536673e-05, -0.0073927552, 0.007474984, 0.0097859, 0.012462903, -1.63597e-05, 0.007440203, 0.0075413208, -0.0052878917, -0.00045267006, 0.0071911234, 0.010016163, 0.014701917, -0.0048712795, -0.0075058825, -0.0023274657, 0.009850042, 0.0071300003, 0.002459977, 0.014438786, 0.007320156, -3, 4, 5, 3, -2, -3, 5, 6, 2, -1, 5, 3, -2, -3, 5, 6, 408, 4, 4, 1, 6, 3, 5, 6, 6, 3, -3, -1, -1, 4, -2, 4, -3, 0, 3, -1, 6, 3, 2, -2, 1, -3, -3, -3, 3, 2
-0.0024813896, 1.8426159e-05, -0.0073905676, 0.0025549862, 0.015048778, -0.0051154713, -0.005094271, 0.0074849734, -0.004970464, -0.004971021, -0.0073395143, 0.010203417, 0.0027512393, -0.007547777, 0.0023356024, 0.0122871455, 0.000109842724, -0.0048220484, 0.012454035, 0.009293204, -0.0048918664, 0.007596993, 0.010038039, 0.014988728, -2, 0, -2, -2, -3, 2, 6, 4, 4, 0, -1, 3, 0, 5, -1, 402, -3, 2, 0, -2, 4, 3, 5, -1, 5, -1, -2, 2, 1, -2, 2, 4, 6, 0, 6, -2, -3, 6, 3, 4, 5, 6, 5, -2, 6, 1
0, 0.0024752475, 0.009897049, 0.004889521, 0.0073765083, 0.0047521717, -0.0050084386, 0.012235415, -0.00250621, -0.0024092512, 0.014900187, -0.007840879, 0.0069931215, -0.0004311926, -6.3539475e-05, 0.014706416, 0.01460557, -0.00030130445, 0.0021275526, 0.009420802, -0.0054032253, 0.004584018, -0.0074843853, -0.004764888, 6, 3, 1, 6, 0, 0, 1, -1, 3, -3, -1, -1, 4, 0, 407, 0, 0, -2, 6, 6, 5, 0, -3, 5, 6, 3, -2, 2, -1, -3, 3, 0, -1, 1, -1, 6, 4, -1, 3, -1, 0, -1, 0, 5, 2, 2
0, -0.0024752475, 6.1282035e-06, 0.0025185999, -0.0049437266, 0.014932726, -0.00737817, 0.012514148, 0.0023664306, -0.0047556227, 0.012326259, 0.0071226154, -0.00015909257, 0.012280838, 0.0126077, 0.004914998, 0.012024909, 0.0120423995, 0.007130108, -0.0050416617, -0.005465681, 0.011909785, 0.0071217124, -0.0047890553, 1, 0, 1, -1, -1, -2, 6, -1, 5, 1, 5, -1, 6, 401, 6, -3, 3, 1, -1, 0, 2, 6, 1, -3, 4, -1, 2, 3, -3, -3, 1, 2, -2, 5, -1, 1, 2, 2, 4, 0, 1, -1, 6, -2, -3, 0
-0.004962779, -0.004913643, 0.0025616805, 0.015006037, 0.0050998363, 0.0048986203, 0.014583713, -0.0077455495, 0.0047736806, 0.007498328, 0.009714947, -0.0004243603, 0.009745036, -0.0052252887, 0.009574277, 0.01412167, 0.011919257, 0.0025664347, 0.007273435, 0.014383396, 0.0073462497, 0.0018133153, 0.013861682, 0.0046500238, 2, -3, -1, 1, 1, 0, -1, 0, -3, 1, 0, 4, 410, 4, 2, 5, 4, 1, -2, 0, 3, -3, 4, -1, 3, 2, 0, -2, 2, 2, 4, 5, 0, -2, 1, 2, 1, 0, 6, -1, 3, 2, 5, 0, 0, -3
0.009925558, 0.012302533, 0.0022978939, 0.009811219, 0.00735495, 0.014445847, 0.004554191, 0.0071050907, 0.009368447, -0.00017844219, -0.005273096, 0.009665576, 0.014949933, 0.009376556, 0.012012311, -0.008008673, 0.009441515, 0.0026549783, 0.0023622522, 0.012099009, 0.013802157, 0.0064482875, 0.0012026321, 0.011924162, 0, 2, -1, -2, -1, -3, -3, 2, -1, 5, 5, 406, 4, 2, 5, -2, 3, 5, 3, 3, 6, 4, 3, 4, -3, 0, -2, -3, -3, 2, 3, 6, 5, -3, 1, 1, -3, -1, 6, 1, -3, -3, 6, 4, -1, 2
0.012406948, 0.014759354, 0.009682333, -0.0052381773, -0.00030740115, 0.009593492, 0.0047907582, -0.00029681815, 0.01199166, 0.012180462, -0.00014352144, 0.0071165734, -0.0026852333, 0.0122167, 0.007090596, 0.0070094615, 0.011864246, 0.0047145183, 0.009246717, -0.00028006706, -0.008466706, -0.0054251277, 0.014090347, 0.015084654, 2, -3, -2, 4, 0, 3, 4, 1, 1, -3, 402, -2, 3, -3, 1, 1, 1, -2, 6, 2, 5, 1, 2, -2, 5, 4, 6, -2, 2, -3, 5, 5, -1, -2, 6, -2, 3, 0, 2, 6, -3, 5, 0, -3, -2, 6
0, 0.0024752475, 0.007421254, 0.0024140028, -0.005079961, 0.002485372, 6.346564e-05, 0.00487194, -0.0024333186, -0.0024822832, 0.012373973, -0.0027485704, 0.0071108816, -0.0026808723, -0.0023569656, 0.009877666, 0.0050011035, -0.005135773, 0.0072785225, -0.00762676, 0.009799044, 0.014512025, 0.0122671835, 0.0026389603, -2, 3, 6, 1, 5, 0, -1, -3, 4, 408, 1, 5, -3, 6, -2, -2, 5, 6, 1, 0, 4, 1, -3, -1, 1, 3, -2, -1, -1, -2, 0, 2, 5, 1, 5, 4, 3, -1, -1, 1, 1, 6, 2, 2, 3, 1
0.014888337, -0.0025858043, -0.007642143, 0.01251533, 0.01264098, -0.0028914537, 0.006941584, -0.00758737, 0.004764749, -0.0076315687, 0.012212829, 0.00724144, 0.010257168, -0.00043210288, 0.00490866, -0.00042224527, -0.0078577325, 0.007878845, -0.007200453, 0.0076134275, 0.0025216085, 0.004210751, -0.008161945, 0.009169466, 6, 2, -1, 3, 5, 0, 6, 4, 408, -3, 4, 2, 6, -2, 4, 6, -3, 0, 3, -1, -1, 5, 5, -2, 3, -3, -1, -2, 1, 1, 0, 0, 1, 3, 6, 2, 3, 3, -2, 0, -2, 1, 2, 1, 6, 4
0.014888337, -0.0025858043, -0.005166349, 0.014990848, 0.0051478297, -0.0052800453, 0.0021358042, 0.0024225803, -0.007373895, -0.005084083, 0.007450415, -0.0027062823, -0.0024520631, 0.0069833463, 0.0028388784, 0.0098998435, 0.009529878, 0.00020288485, -0.005336434, 0.007412009, 0.009577871, 0.014382834, 0.01174224, 0.007014593, 5, 2, 1, 4, 1, 0, -2, 404, 2, 4, 5, 1, -2, -3, 6, -1, 1, 2, 3, 5, -2, 6, 3, -1, 4, 3, 4, 0, -1, -1, 3, 3, -2, 1, -2, -3, 1, 4, 4, 3, 0, 6, 1, -1, 0, 6
0.0024813896, 0.009882564, -0.0050129155, 0.0024265028, 0.012407706, -0.00028266732, 0.014465996, -0.005259443, -0.00035375133, -0.0028854162, -0.005098936, -0.007197066, -0.007469765, 0.014796706, -0.0050131483, 0.009638911, 0.012055029, -0.0023545923, 0.0068288827, 2.0338963e-05, 0.009046774, 0.0021995767, -0.003024104, -0.0074898223, -2, 2, 6, 0, 4, -1, 407, 3, -1, -1, 0, 2, 5, 1, -3, -1, 1, 3, 2, 3, 1, 4, 6, 5, 6, 4, 2, 2, 1, 6, 6, -3, 2, 4, 1, 2, -3, -3, 6, 3, 3, -1, 3, 3, 0, 6
0.014888337, -0.0025858043, -0.007642143, 0.005033472, 0.0051216204, -0.0076937447, -0.00024159251, 0.0025551566, -0.002405586, -0.000103567065, -0.0048620133, 0.00994313, -0.0021802047, -0.00023772486, -0.0022508104, 0.014839921, 0.002391204, 0.00014885672, -0.007693251, -6.2744504e-05, -0.0074529494, -0.0049862005, 0.009877198, 0.0148364045, 4, 2, 4, -1, 0, 401, 3, 1, 2, -1, 4, 0, -2, 1, 1, -3, 3, 1, 4, 1, -2, -1, 3, -2, 4, 5, -3, 1, 3, 4, 5, 5, -2, 0, 6, 2, 4, 6, -1, 0, 3, -1, 0, 6, 1, -1
-0.0074441684, 0.009956269, 0.009989108, -0.0076369913, -0.00026283864, -0.0049197483, -0.0071711075, -0.002572299, 0.01479029, 3.8580132e-05, -0.0026536963, -0.007411916, 0.014931989, 0.002610328, -0.0031023198, 0.014710276, 0.0050402596, -0.0051581967, 0.0094691105, 0.012097201, -0.00051893544, 0.007143939, 0.007186799, 0.00036223343, 0, 0, 4, -1, 404, 6, -2, 0, -1, 1, -1, 6, 4, -2, 6, 3, 2, 3, 6, 5, -2, 1, 5, -2, 0, 0, -1, 5, 4, -3, 3, -3, 0, -1, -1, 3, 1, 2, 4, -2, 0, -3, 1, 6, 4, 4
0.009925558, -0.0050241994, -0.00013500295, 0.0025203244, 0.0075579835, 0.014619501, -0.0076212375, 0.0024999348, -0.005078095, 0.015070725, 0.005153438, -0.0053956374, 0.0048096566, 0.014621485, -0.00010098384, -0.005047721, 0.009344111, 0.0048546377, -0.0076003284, 0.0024702926, 0.009176148, 0.011632288, 0.013534642, -0.007815426, 5, -3, 6, 403, 2, 4, 0, -3, -3, -2, -2, 4, 0, -1, -2, -2, 0, 1, 1, 5, 1, 2, -2, 3, 6, -1, 0, 1, 5, 0, -2, 0, -1, 5, -2, -3, -1, 3, 4, 6, 1, 4, -1, 0, 5, 3
-0.004962779, 3.6852318e-05, 0.0075010117, -0.0025377946, 0.009886544, 0.007330875, -0.004953312, -0.0050959247, -0.00010878416, -0.0024067485, -0.0025131647, -0.002439827, 0.014985827, 0.014908031, 0.011927519, 0.004702917, 0.0023058387, 0.014820583, 0.002222273, 0.004787762, 0.009351446, 0.009036539, -0.005763815, 0.014490204, -1, 5, 410, -3, 4, -2, 6, 0, 6, -1, 6, 4, 2, 3, -3, -3, 0, 5, 6, 6, -2, 5, 5, 4, 1, 6, -3, 4, 0, 3, 3, 2, 0, -3, 6, 1, 6, 1, 3, -3, -3, 5, -1, 1, 1, -3
0.009925558, 0.009827286, 0.014682993, -0.00023211609, 0.014692015, 0.011871469, 0.009523474, -0.0029975846, -0.00036902173, -0.0053037563, -0.0075871525, 0.014869457, 0.012446862, 0.0020632672, 0.0047343387, 0.004331178, -0.005046053, -0.00490655, 0.004982918, -0.007806945, 0.0069774045, -0.0031489634, -0.005289888, 6.378905e-05, 4, 402, 0, 1, 3, -1, 4, -2, 5, 1, 6, 2, 1, 0, 2, -2, -2, -2, 3, -3, 1, 4, 3, 2, 5, 2, -1, 1, -1, 3, -3, 4, 3, 5, 1, 4, -1, 0, 6, -3, 3, 6, 0, -3, 0, 2
0.012406948, 0.0073336116, 0.012176511, 0.014768951, 0.0073437016, -0.0079059675, 0.0046621882, 0.0020758528, -0.007381517, -0.00022632847, 0.007420678, -0.00039828577, 0.009670709, 0.004317185, 0.0024942488, -0.0050657126, 0.0045348746, 0.010072302, 0.014543213, 0.014287767, -0.0051496895, 0.009419912, -0.00803318, 0.00695325, 408, 1, 6, 5, 4, 3, 3, 5, 0, 2, 2, -2, 2, 6, -3, 6, -1, 1, 3, -1, -1, 5, 2, 6, 1, 0, 0, -3, 3, -1, 4, -3, -1, 3, 3, 6, 2, -1, -3, -2, 6, -2, 2, -1, -3, 4
0.014888337, 0.009790433, 0.0121335685, -0.0002251428, -0.00024426996, 0.004604708, -0.005028927, -0.002696253, 0.014639316, 0.012382772, 0.0048167272, 0.006897853, 0.014884597, 0.014580381, -0.00039644833, 0.0070776152, -0.0029831748, 0.004759265, -0.00050813257, 0.0072608264, 0.0016756234, -0.0008919329, -0.003443317, -0.005295485, -3, -3, 4, -3, -1, 3, -3, 0, -3, 3, 4, 3, 0, 0, 1, -1, 1, -2, -2, -1, -1, 6, -1, 3, -3, -2, 3, -1, 4, 1, -1, -3, 1, 1, 4, 2, 0, 5, 1, -3, -2, 2, 6, -2, -1, 0
0.012406948, 0.0023831166, -0.0001902024, -0.0075351577, -0.0050537456, -0.005039674, 0.012270838, 0.002454933, 0.0123299835, 0.01221799, -0.0049357335, 0.0073337494, -0.005040499, -0.007525691, -0.0050388416, 0.014604657, 0.002525813, -0.0050338437, 0.0048269103, -0.005085488, 0.002171927, -0.0073656463, -0.0024105818, 0.012538511, 2, 1, 0, 4, 2, 1, 2, 2, 4, 0, 0, 3, 6, -2, 0, -1, 4, 1, -1, 5, 4, 4, 2, 1, 1, 3, 0, 0, 6, 5, 3, 0, 3, 3, -1, 5, 2, -1, -3, -2, 6, 5, 3, 5, -1, -2
0.004962779, 0.002438395, -0.0025555522, 0.002476279, 0.009982561, 0.0022354592, 0.0071353456, 0.012279257, 0.014571899, -0.0075565963, -0.007653262, -0.0049434467, -0.0049375333, -0.005313617, 0.0023089785, -0.005265488, -0.0049802726, -0.004838051, 0.00041873983, 0.014834708, 0.006896669, -0.00730227, 0.0022141656, 0.0075503355, 3, 2, -1, 1, -3, 5, 6, -3, 5, 2, 6, 6, 2, 6, 2, 6, 3, 3, 4, 0, 3, -3, -1, 0, 0, 4, 5, 5, -1, 2, 4, 2, 6, 1, 2, 1, 2, -3, 3, 0, 2, -1, 2, -3, 3, 4
0.0074441684, -0.0025305261, -0.007531699, -0.0024311943, 0.015056473, 0.009635186, 0.014391464, 0.0098127, 0.0021501926, 0.0022881234, -0.002423039, -0.0024571929, 0.012276831, 0.01204134, 0.007102479, 0.014321445, 0.0146475695, 0.01002315, -0.0025895834, 0.014691309, 0.011281663, 0.0016402878, -0.008630441, 0.009492615, 5, 6, 0, 0, 6, 2, 0, 6, 4, 1, 4, -2, 2, -1, 4, 4, 5, 3, 4, 6, 3, 3, -2, 6, -3, -2, 6, 4, 6, -2, 5, -3, 6, 6, 0, 4, 6, -1, 4, -3, 3, 1, 0, -2, 0, -1
0.014888337, 0.004839938, -0.0051847333, 0.0074350494, 0.014991605, -0.0054432834, 0.01431151, 0.009677599, -0.005115401, -0.007873322, -0.0049515795, -0.007331732, 0.009862565, 0.014278384, 0.009786072, -0.005133761, 0.009694868, 0.015342487, 0.014757801, -0.0050947242, -0.0056382925, 0.009407834, -0.0008442757, 0.009859464, -1, 6, 6, -3, 4, 5, 4, 5, 6, 6, -2, 3, 1, -2, 1, -1, 4, 5, 0, -1, 4, 6, 2, -3, -2, 0, 5, 6, 4, 5, -2, 4, 6, 3, 6, 4, -3, 0, -3, -3, 6, 6, 6, 1, 3, 5
0.012406948, 0.012284107, -0.0076420973, 0.0073852735, 0.0124293445, 0.0044905986, 0.0069350456, -0.00025188914, 0.0044685844, 0.00963216, 0.009801546, -0.0052553997, 0.004815296, 0.011976323, 0.006952095, -0.0053714747, -0.0006056951, -0.00708389, -0.0024785069, 4.7159836e-05, 0.0018484336, 0.0019965738, -0.008274417, 0.01430851, -1, 2, 1, 4, 2, -1, -2, 2, 5, 4, 4, 2, -3, -1, 3, -1, 2, 5, 5, -2, 1, -3, -3, 5, 4, -2, -2, -3, -3, 3, 6, -1, 6, -1, -3, 4, 5, 0, 2, 2, 3, 2, 4, 3, 4, 2
0, 0, 0.0074273823, 0.007426555, 0.0074449796, 0.009719753, 0.0047470136, -0.0052478174, 0.014547368, -0.0074181864, 0.012027486, 0.014537873, 0.015024064, 0.014663838, 0.004825598, -0.0054934225, 0.004185868, 0.0073022037, -0.0026125782, 0.007509791, -0.007757046, 0.008902331, -0.005794385, 0.006869818, 1, 4, -3, 2, -3, 5, -2, 0, 0, 6, -1, 1, 0, 2, -3, -1, -2, 5, 1, -2, 3, 5, -3, 3, -2, 3, 4, 2, -3, 6, -3, 4, 0, -2, 3, 6, -3, 0, -1, 1, 3, 3, -1, 3, 2, 6
0.014888337, -0.0075362995, -0.0076298863, -0.007386997, 0.010107125, 0.009660438, -0.00028057472, 0.0150524, 0.0023506559, 0.0074771815, 0.010173013, -0.0077221836, 0.009686581, 0.012030012, 0.0145199355, 0.0072058467, -0.00019230001, 0.014908588, 0.00026024203, 0.009850124, -0.008178684, -0.007798259, 0.0015186643, 0.009842889, 1, 1, 2, 4, -2, 6, 0, 2, 5, 3, 5, 3, 6, 0, 1, -3, 1, 4, 1, 3, 3, -1, 5, 4, 0, 1, 5, 0, 5, 0, -3, -2, 5, 4, -1, 3, 4, 6, 3, -3, 2, -2, 0, -3, 0, 3
0.009925558, 0.009827286, 0.002304022, 0.01232982, -0.005069883, -0.0076446445, 0.014604805, 0.012139873, 0.012238393, 0.004733654, -0.0027127664, -0.0077934857, -0.0028144193, -0.00053867605, 0.012175727, 0.009565297, -0.00500016, -0.0047656656, 0.014760512, -0.00036369349, 0.0045722653, 0.0049475655, 0.009690996, 0.005153541, 4, 0, 4, 1, 0, 6, -1, 5, -3, 2, 5, 4, 1, 1, -1, -2, 5, -1, 5, 5, 5, -1, 5, 5, -3, 4, 5, 1, -2, -1, 2, -1, -1, -2, 3, -2, 1, 6, -1, 0, -1, 1, -1, 2, 3, 0
-0.0074441684, -0.002419969, 0.014971337, -6.876748e-05, -0.00011953505, 5.9834576e-05, -0.0047465684, 0.004859771, 0.0124649415, 0.0027561882, 0.012307763, 0.0045134826, 0.004706106, 0.0073978268, 0.004764096, 0.0146418065, 0.0045151217, 0.0019327037, 0.011991136, 0.014347669, 0.009475177, -0.0077403937, 0.014302482, 0.004883714, -2, -2, 0, -1, -3, 5, -3, -3, -3, 3, -3, -3, -1, -2, -3, 0, 2, 3, 1, 1, -3, 6, -3, -2, -3, 5, 6, 2, 3, -3, 6, -1, 2, 2, 2, -1, -3, 3, 6, -1, 0, 5, 1, 1, 2, 5
0.0024813896, 0.0024568215, 0.012336029, 0.0023714034, 0.002352127, 0.007266625, -0.0049522216, 0.0023036522, -4.778394e-05, -0.004920075, 0.014806188, -0.00533326, 0.0021828257, 0.004709824, 0.014751996, 0.0047970437, -0.00024506208, 0.0023057912, 0.009812973, -0.0027218089, -0.0051745665, 0.007120098, 0.009739946, 0.005241799, 3, 6, 3, -1, 1, -1, 1, 0, 3, -3, 3, 6, -2, -3, 6, 1, -1, 3, -3, 2, 6, -1, -2, 3, 3, 5, 4, -1, 0, 0, -1, -2, -1, 1, 3, 3, 4, 2, 3, -2, 4, 2, 6, 4, 6, 5
-0.004962779, 0.009937842, 0.009952294, 0.0048270407, 0.014763698, 0.012087803, -0.00020003255, -0.0003973871, 0.011913949, 0.012462878, -0.005174258, -0.0027896413, 0.00979755, 0.012168749, -0.0007058835, -0.0005983905, 0.011698646, 0.01218002, -0.007970335, -0.00025429032, -0.003362202, 0.013725004, -0.0035241167, -0.00024307774, 5, -1, -2, 5, 1, -3, -2, 6, 6, 5, -2, 6, 0, 3, 6, 6, 4, 2, -2, -3, -3, -3, 5, 6, 3, 1, 4, 5, 6, -2, 1, 5, 6, 6, 6, 2, 2, 0, 3, 5, 4, 0, 1, 5, 0, 5
0.014888337, 0.0073151854, -0.005190862, -0.0025654081, 0.0049348637, 0.007115568, -0.00026536422, -0.0025296754, -0.0027424544, 0.0122129265, 0.007544053, 0.012206918, 0.012436925, -0.0027160842, 0.014395725, -0.00772889, 0.0120501, 0.01269609, 0.0025185964, 0.012087749, -0.0004600193, 0.006694417, 0.013606264, 0.0021088426, 2, 6, -1, -1, -2, 1, 1, -2, -1, 0, 0, -2, -3, -3, 1, -1, 5, -3, 1, -2, 6, 6, 2, 1, 0, 5, -1, -3, 6, 2, 0, 0, 0, 1, -1, -3, -2, -1, -3, 0, 6, -2, 0, -1, 5, -3
0.014888337, 0.014740928, 0.009645519, -0.00773786, 0.012148927, 0.009384737, -0.0027203525, -0.0077620912, 0.007011844, 0.0071815955, 0.009846883, 0.009641859, -0.00751438, -0.00017917449, 0.014360481, -0.007840279, 0.0018524902, 0.0024414759, 0.012306303, -0.007704216, 0.0017733535, 0.009331166, 0.014125558, -0.0023198065, 3, 2, -1, -1, -3, 1, 2, 5, 0, -3, 5, -1, 1, 3, -2, -3, 0, 3, -1, 3, 5, 6, 6, -2, -1, -1, 3, 2, -2, 4, 4, 0, 3, 1, -2, 0, 4, 6, 0, 3, 2, -1, 1, 4, 4, -2
0.004962779, -0.004987347, -6.137327e-05, -0.00245612, -0.0074308673, 0.0050373124, 0.0024996616, -0.004887993, 0.002494308, 0.012496491, 0.0050275777, 0.0022114576, 0.0123546515, -0.0074597467, -0.000181297, 0.014593358, 0.0074940524, 0.009875679, -0.0050966544, -6.687971e-05, 0.014685573, -0.008037805, 0.014063345, -8.964942e-05, 2, 1, 1, -2, 5, 2, 5, -1, 4, 0, 2, 2, -3, 6, 4, -1, 4, -2, -2, 6, 5, 2, 5, 1, -3, -3, 0, 3, -2, -3, 4, -1, -3, 5, -2, 2, 5, 6, 1, -1, -3, 1, 6, -2, 2, -3
-0.0074441684, -0.007370464, 0.0149835935, 0.014944242, 1.8824863e-05, 0.012397444, 0.002446427, -0.00027721617, 0.002443831, 0.010267356, -0.0026140006, 0.004412669, 0.014713233, -0.0027799106, 0.009654504, -0.0029974682, -0.0027378085, 0.0073182913, -0.0072912537, 0.0020819486, 0.012547271, -0.0056572915, 0.00915022, 0.009492774, 6, 3, 5, 3, 3, 0, 0, -1, -2, 6, 4, 6, -3, 1, 3, 3, 2, -2, 6, 1, 0, -2, 0, 0, 5, 6, 4, 6, 4, -2, 4, 5, 6, -3, 3, 5, -1, 5, 4, 5, 4, -1, -2, -1, 1, -2
0.012406948, -9.21308e-05, 0.012194896, -0.0076026823, -0.005146785, 0.009775495, 0.0073672063, 0.004823571, -0.0073891804, 0.014788556, 0.012663511, 0.004487696, -0.008098596, 0.012222717, 0.014975051, -0.0025224232, 0.0045841145, 0.007138865, 0.012258012, -0.007707161, 0.009395808, 0.0046368954, -0.0005488852, -0.0076397923, -2, 6, 5, 0, 0, 0, 5, 3, 2, 4, 1, 4, 4, 2, -3, 6, 0, 0, -1, 1, 3, -1, 0, 2, 4, 1, -2, -2, 4, 2, 4, 6, -3, 4, 5, -2, 3, 2, 2, 2, 0, 3, 6, 6, 0, 1
0.0074441684, -0.007481021, -0.005043648, -0.0048942873, 0.012587082, 0.0047579003, -0.007574255, 0.0051142075, -0.007402296, 6.932706e-05, 0.0052276147, -0.004970179, -0.0024886443, 0.007336157, 5.9676404e-05, 0.009969397, 0.009694727, 0.012276839, 0.014642669, -0.0026830125, 0.011657938, -0.0027287828, 0.0018492633, 0.01485171, 0, -3, -1, 6, -2, -2, 3, 5, 6, -3, 0, 2, 3, -3, 5, 3, 0, -2, 6, -3, 2, -2, 1, -2, 2, -3, 1, 5, -1, 0, -1, -3, 1, 3, 1, -2, 2, 2, -3, 0, 5, 4, 5, -2, -2, 0
0.0074441684, -0.007481021, -0.005043648, 0.0025875703, 0.0076379296, -0.0026329667, 0.002271186, -0.0024416484, -0.0048812293, 0.014935866, 0.002720127, -0.0076472033, 0.0048835194, -0.00017396355, -0.00268085, 0.004832965, 0.009645017, -0.007271908, -0.007429761, -0.0025243992, 0.014671406, -0.0076446747, 0.009177946, -0.002710727, -3, -3, 1, 3, -3, 5, 0, -2, 1, 1, -1, 2, 5, -2, 3, 5, -2, -2, -3, 3, 3, -2, 6, -2, 1, 4, 3, 1, 1, 3, -1, 6, -2, 3, 4, 1, -1, 0, -1, 5, 4, 6, 5, 3, 1, -1
0.0074441684, 0.009845711, 0.0023408367, -0.007616072, -0.00766616, -0.0074698236, 0.0050040283, -4.2788895e-05, -0.0073365225, 0.01463073, 0.015118655, 0.0022815298, 0.0020024767, 0.009928394, -0.0073854425, 0.005173392, -0.002549574, 0.0147281345, 0.004491555, 0.014685878, 0.01204805, 0.014398788, -0.0032498105, 0.013906935, -2, -3, 4, 2, -1, 5, 3, 3, -1, -3, 2, 5, -2, 4, 3, 6, 2, 3, -3, 2, -1, 0, -1, 6, 1, -2, 6, -3, 5, 6, 2, -2, 2, 0, -1, 1, 6, -1, 5, 4, -2, -2, 6, 2, -3, 0
0.009925558, 0.0073520383, -0.0051172324, -0.002553947, -0.00504108, -9.029556e-05, -0.004962785, 0.012532971, -0.0049639056, 0.004855777, 0.0076005114, 0.007310864, -0.0076586744, 0.0023429233, 0.010017954, -0.002244032, 0.012216607, 0.0024432554, 0.0022753195, 0.0146126095, -0.0053496584, -0.0022822048, -7.031449e-05, 0.0023515362, 4, 6, -2, 0, 2, -1, 4, -2, -3, 0, -2, -2, 1, -2, 2, 4, 3, -2, 6, 5, 0, -1, -1, 1, 4, -2, -3, -2, 0, 2, 0, 3, -3, 2, 4, 4, 3, 4, 2, -3, 4, -1, -2, -2, -1, -1
0.004962779, 0.012339385, -0.0025800648, 0.009859549, -0.0050651105, 0.014726298, -0.0050773323, -0.0050890674, 0.014348719, 0.0024862052, 0.002044907, 0.0021567768, -0.0047886376, 0.0073414603, 0.007262312, 0.0070370166, -0.00041511763, -0.004978721, 0.0069834897, 0.0024753206, -0.0055581764, -0.007599197, -0.0051054433, 0.014932656, 4, 5, -3, 5, 2, 5, 1, 2, 3, 5, -3, 1, 1, -1, 3, 2, -1, 6, 6, 4, 3, 2, 4, 0, 4, 0, 5, -3, 3, -2, 4, 2, -2, 5, 4, -3, -1, -2, -2, 4, 0, 3, 1, -2, -2, 3
0.014888337, -0.0075362995, 0.0022732897, 0.0075029815, 0.0125781605, 0.0070268502, 0.004543104, 0.0023240997, 0.0023548054, 0.012461813, 0.0025639003, 0.014403814, -0.0049778903, -0.007900063, -0.007292083, 0.014354503, 0.0019660364, 0.0072566415, -0.0026230414, 0.0069802143, -0.00025901335, -0.00053577864, -0.0054534883, 0.009516019, -3, 4, 0, 2, -2, -3, 5, 2, 3, 4, -3, 3, 6, 0, 3, 4, -3, -2, 6, -3, 3, 4, 0, 3, 5, 0, 0, -2, 4, 5, 2, -2, 5, -2, 3, -1, -3, -2, 3, 0, 5, 1, 6, -1, -3, 4
0.0024813896, 0.0049320688, -0.0050006597, 0.009957655, 0.005026707, 0.00725265, 0.004670282, 0.00481507, -0.005203012, 0.009853431, 0.0049633416, -0.005222901, 0.014640628, 0.014535568, 0.0022354887, -0.0076259067, 0.0070474604, -0.007213133, 0.0024460466, 0.014667941, 0.006924892, 0.007014146, 0.0038385766, 0.011713805, 0, 3, 1, 3, 4, -3, 6, -3, -1, 2, -3, 5, 2, 1, 1, 4, -3, 1, 5, -2, -2, -3, 4, 3, -2, 3, 4, 1, 2, 6, -1, 4, -1, 0, -1, -1, 3, -2, 2, 2, 1, -1, 2, 0, 0, -1

