406, 4, 3, -2, -2, -2, -3, 2, -1, 3, 4, 4, 4, 6, -1, -1, 3, 2, 5, 0, -2, 0, 5, 4, 6, 2, 2, 1, 5, 3, 2, 5, 3, 1, 0, 1, 3, 3, 6, -3, -3, 2, 2, 1, -1, 5, 5, 5, 2, 2, 5, -2, 1, 0, 4, -1, -1, -2, -2, -3, -3, -2, 0, 3, 2, 3, 5, -1, 5, 6
0.0073891627, 408.97043, 1.9778326, 3.0147784, 3.0147784, 0.014778325, -0.9778325, -0.014778325, 4.007389, -0.022167489, 3.9704432, -2.0295568, -2.0295568, 3.955665, 5.007389, -2.992611, 0.9778325, 5.985222, 3.9630542, 0, 6.014778, 3, 5.963054, 2.9704432, 1.955665, -0.014778325, 3.9852216, 1.9926108, 2.9630542, -1.0221674, 4.985222, -0.036945812, 0.9778325, -3.007389, 5, 2.992611, -1.0221674, 5.9778323, -1.044335, 6.0221677, 4.0221677, -3.0147784, -1.0147784, 5.992611, 2.007389, -2.0369458, 5.963054, 1.9630542, 4.985222, -2.0147784, 4.963054, -0.9852217, -2.007389, 5, 3.9704432, 4.007389, 2.007389, -1.9852216, -2.9852216, -2.9778326, 6.0221677, 6.014778, 1, 1.9778326, -1.0147784, 1.9778326, -0.036945812, 2.007389, -3.0369458, 1.955665
0.014778325, 0.0023006229, 405.9511, 6.0226207, 1.0226208, 3.0295227, 1.0465846, 4.970477, 0.0055588344, -2.0442839, 3.9317522, 2.945556, -1.0544441, -0.09777045, -1.9967418, -1.9783368, 4.9534154, 0.9566736, -2.0830092, -2, -1.9842811, 5.9930983, 5.9123898, 1.9340528, 2.9068308, 2.9704773, 2.9612749, 2.9806373, 4.9192915, 5.958017, 2.9589741, 0.92619336, 5.9534154, -3.0078595, -0.011503114, 2.9783368, 0.9580167, 5.941912, 2.9137325, 3.0304801, -1.9649185, 4.9773793, -2.0272222, 3.9714348, -1.9898399, -1.0692054, -1.0876104, -1.0784079, -2.0410259, -0.024921406, 1.9146903, 4.031823, -2.0101602, 5.988497, -3.0682478, -1.9944412, 6.01016, 1.0341239, 3.0364246, 4.0511856, -0.9695198, 0.015718915, 2.9976993, 3.951115, -0.027222028, 3.951115, 0.92619336, 5.01016, 5.9330955, -2.0931692
-0.0073891627, -0.0048180586, 0.002541431, 407.98444, 1.9971482, 2.9775937, -2.0295384, 6.002075, 1.0119045, 2.027256, 6.0386944, -2.9877076, -0.97754204, 4.063642, 3.0218112, 1.98322, 5.01429, -2.9588158, 3.061334, 0.005082862, -0.9807559, 1.9992231, -2.9493496, -1.9610468, -0.9536301, 4.007158, -0.9735465, 6.0094147, -0.96128005, -1.9978993, 3.0312774, -1.9655861, -2.9882517, 6.0005436, -2.9758804, 5.0142384, -0.98519206, 3.035868, 6.031898, 2.9991457, -1.9977946, 5.987603, 2.015041, 2.0261686, 2.0073397, 2.029849, 5.0684404, -2.9508555, 1.0439847, -0.99486566, 1.0559921, -2.0297718, 1.0028261, -2.9911292, -1.9435158, 2.0169873, 4.987008, -0.026971394, 3.9631217, -3.0468106, 1.0093116, 4.014161, -1.0028003, -0.9783447, -1.9900417, 4.021655, 4.0344143, 5.9895496, -1.992765, 6.059077
0.0073891627, 0.0072632227, 0.01469011, 0.012021068, 401.95383, 1.9343731, 4.0382924, 4.8401613, 5.966037, -1.0163455, -0.18874429, 4.977829, 2.0124254, -2.1204789, -3.0359738, 5.0343466, 4.837687, 2.9632642, -1.0719312, -2.9706807, -2.9879692, -0.13386174, 0.86834383, 3.9440308, 5.9102225, 1.8935219, 0.92447776, -3.1378872, 4.8808236, 4.9217496, -1.130894, 2.9733453, -1.0808041, 1.986507, -0.00037386967, 3.8668463, -0.01697357, 0.8106324, -1.1520627, -0.102143876, 1.0458341, 3.862023, 2.9981494, 4.8663874, 0.99790967, -2.0308452, -2.1252077, -2.9998896, 5.9664464, 1.0121809, -3.1138146, 2.9871063, 0.024665385, 3.9116688, -0.98995876, 5.983335, -0.15543003, 1.0143303, 1.9442143, 3.0209095, 2.9805365, 3.922606, 4.9607553, 2.9171855, -0.9830854, 2.8570802, 2.901219, 0.84720844, -2.0780904, 5.899373
0.0049261083, 0.0048421486, 0.012256759, 0.009611731, -0.005066442, 408.95383, 5.0466523, 1.8961295, 1.005954, -3.0142496, 0.853881, 4.007957, 2.0226386, -1.0973142, 4.9607267, -1.9498911, 2.896088, 4.992893, -1.0531449, 0.009413882, 1.999337, 4.8921237, -3.0932236, 4.9810386, 5.9644556, 3.9248886, 5.9485965, 4.875234, 0.9346953, -0.038715787, -0.105124265, -0.0018468066, 0.9307638, 1.9988917, 5.004532, -3.084526, -0.012187612, 3.8583746, 1.8759735, -3.0808704, -0.95611304, 3.905755, 4.015731, 4.92256, -0.9946432, -2.031462, -0.099657685, 5.992246, 6.0112185, 4.0149, 5.9019437, 1.9998492, 2.019918, 0.9509579, 0.012341848, -2.9791055, 2.8728197, -1.9878119, -2.0411518, -0.9758666, 5.0029006, -0.038174275, 2.993188, -0.048599813, 6.0095425, 2.903037, 3.9401174, -0.1194799, -3.0740204, -0.04172019
-0.0024630541, -0.004866239, -0.0048847906, -0.0023550806, 0.00253622, 0.009810522, 400.92844, -1.9876084, 5.994448, 6.0342193, 1.0547024, 1.9553831, 1.9675759, -0.94073665, 1.9782995, -2.015658, -1.9925286, 1.9752584, -0.9583144, 5.9976845, -1.9996959, 5.0009274, 3.0914118, -2.0297334, -3.0372555, 1.9854938, 4.9757886, -2.9989982, 6.0269513, -2.9852893, 3.054678, -0.99549234, 2.0278008, 5.9626184, -1.0318296, 5.063837, 4.004937, 0.03274482, 2.0226526, -0.92573345, 0.004607987, -0.019442217, 4.9478307, 1.9951608, 4.0095396, -0.9729589, -2.9456754, -2.041528, 0.9475688, 3.9507017, 4.9983025, 3.9779983, -1.0346419, 2.0272892, 6.0119977, 3.026097, 3.0206187, -0.9926698, -0.9801934, -0.00735423, -0.037083108, 6.024299, 5.9752016, 3.0270884, -3.061295, 2.010059, -2.0198517, 6.0449085, -1.9427463, 2.0137873
0.0073891627, 0.0048180586, 0.0023852705, -0.0073878127, 0.0025191163, 0.0073959595, 0.009881791, 403.0112, 2.9138386, -0.036982857, 2.970286, 2.8896184, 2.9360428, -3.0103853, -3.0382397, 3.0628355, -2.0155656, -2.1316679, 4.9915047, 4.9529543, 5.995786, -2.0992424, 4.8885736, -2.0896869, -3.0967243, 0.9543931, -2.1437294, 3.0217805, 1.851177, -0.02882633, 2.9499798, 4.948862, 4.9126444, 1.9798968, 3.9271357, 1.9711645, -2.0662496, -2.0736153, -2.0326507, -0.95972776, 3.9971073, -1.0063137, -2.0763135, 4.900852, -0.017485341, 0.020169923, -2.9904382, 2.9177809, 2.9049315, 0.91635466, 3.8571775, -3.0667129, -2.9902914, 2.9026072, 4.887267, -1.015203, 4.96952, 0.04363323, 5.0710816, 0.00402254, 0.9587783, -3.0537128, 4.886943, 2.9147487, 2.963755, -0.059941094, 1.9743389, -3.0309687, 3.9959803, 1.961546
0.0049261083, 0.009732478, 0.012232932, 0.0071248715, 0.012324233, -0.00506758, 0.002498595, -0.0053555635, 404.89084, 1.9779764, -1.1295431, 1.954855, -1.9838316, -1.0890112, 2.0004284, 3.9936366, 0.8286234, 1.9137053, -2.022531, -0.92737126, 6.0666375, 3.8859482, -0.1418979, -1.0877864, -2.1289644, -3.0778928, 5.9169116, 2.9834569, 1.8326427, -2.117028, 2.905406, -0.02925876, 4.963448, 4.9997373, -1.9783435, -2.171594, 3.9695444, 4.8311005, -3.0902474, -0.119453035, -2.9824357, 1.8827957, 3.9703836, 2.859965, -1.032022, 2.0110838, -2.0884423, 0.07854547, 5.929279, 1.0200576, -2.027427, 0.9315388, 5.0285587, 3.8664827, 6.01645, -0.12588347, 3.9118767, 4.9968553, 1.9688277, 3.9737742, 1.9546839, -2.1574225, -1.0739851, 3.896458, 6.0806265, 3.8631418, 3.935486, 3.8390424, -3.0171664, 4.8664026
0.0073891627, 0.009708387, 0.0048247953, 0.0072464813, -8.432945e-05, 0.009728735, 0.0024756563, 0.012170311, -0.000243181, 409.98846, -1.1781905, 4.91948, 3.941724, -1.0625155, 3.930559, 0.019696403, 5.9100013, -0.08286619, 3.8637335, -1.0660821, -1.1131825, 2.8939798, 3.860992, 3.92855, -3.0832744, -2.1133082, -2.103285, -3.1609826, 3.8718328, 0.9815059, 3.8587499, 4.915684, 5.888521, -1.0640837, -1.1213307, 1.9061325, -2.9934123, 3.8579915, 3.9086668, 2.9712543, 4.9670835, 5.9221673, 4.9654236, 5.7892203, 3.9827514, 0.9955237, 5.9176507, 0.88159543, -3.1551306, 0.9524522, 1.7804894, 1.0280963, -1.9649411, -2.104086, 1.8876804, -0.0021887615, 5.8277955, 4.051823, -1.0383983, 6.0642943, -3.0984564, -2.0503516, 0.87986416, 2.9053564, -3.0759351, -1.1208843, -0.12644966, 0.9444147, 0.96352726, 5.876099
0.0123152705, 0.014550536, 0.00722815, 0.0022972235, 0.009873732, 0.0072785183, 0.0049177506, -0.0077564796, 0.0021698044, 0.004807982, 400.87228, -3.1275766, 0.9539955, 3.8775945, 3.884282, 0.054996923, 2.7966099, -1.207438, -2.063727, 4.0597677, 3.0171876, -2.1890707, 5.834097, 5.8000913, 5.7874246, -3.0878778, 4.8019657, 2.9657512, -1.2309072, 5.9054685, 2.869414, -1.0728523, -3.0943935, 5.98554, -3.0570362, 1.8812984, -2.0564206, -3.2552133, 3.8663068, -1.0729598, 4.0074167, -0.1373255, -2.1315985, -0.22258839, -2.0464988, -1.9982432, 0.83695555, -2.0612984, 3.8326993, -2.0511787, -0.16109313, 0.9201225, 1.9946045, 1.8595599, 0.915506, 3.9039218, -3.1039834, 1.0254538, 1.0775498, -3.002445, 0.90644175, 4.850552, 4.901939, 5.864813, 5.000508, 1.833795, 1.8829904, -1.14047, 2.029661, -3.1925817
0.0049261083, 0.0048421486, 0.012256759, 0.012062805, -0.0050786207, -0.005021216, -0.002302115, 0.007162139, -0.004935829, 0.0024136128, 0.0045445594, 405.03125, 0.99507546, 5.886152, -1.012759, 6.028356, -3.1146367, -0.93980026, 3.886165, 5.967292, -2.0168836, -3.0395224, 2.834056, 2.9799879, -1.017367, 5.9364743, -2.97987, -3.134724, -0.052284986, -3.0802748, 3.864795, -0.041871578, 0.9365805, 0.9938358, 5.0132866, -3.1385865, 3.050348, 1.9145713, 4.8475513, 4.8981657, -0.029543102, -1.0864764, -2.925447, 0.91301775, 3.9994047, 3.9675577, 2.8736346, 2.0115604, -2.9602442, 3.0521, -2.1007388, 0.043959487, -1.9328641, 3.962702, -1.9830278, 2.9969447, -2.1342707, 5.009912, 4.90766, 0.04531419, -1.9683614, -2.0401611, 1.9597887, -1.0747503, -0.96897924, 5.9262877, -2.0575693, -0.0772737, 5.85587, -1.0417761
0.0073891627, 0.009708387, 0.007288146, 0.0072101178, -0.0025782639, 0.009722548, -0.007482603, 0.004677377, 0.0024647978, -0.0072063855, 0.002093449, -0.002463059, 407.02515, 0.9023259, -3.062736, 4.044123, 5.901939, 4.9202223, -1.0586334, -1.9706975, 2.8735085, -1.0795153, -3.0611432, -2.0758345, 0.8397822, -2.074618, 5.8766427, 2.7720876, 4.971134, 5.941942, 3.9247255, 3.985561, -1.0341597, -2.0085666, -1.0862056, 2.9817474, 3.0080466, -1.1434515, -1.05586, -2.0167394, 6.0398583, 2.947236, 3.0339944, -1.1150432, -0.92436326, 4.9992995, -1.0829009, 1.8936431, 0.8419464, 0.017147701, -3.1397576, -0.95474356, 1.970698, -3.0870137, 0.9796981, 6.0397635, -2.0872366, -0.93190503, 5.9843554, 2.1010265, 3.8838801, -1.0274645, 0.98476785, 5.9503074, 4.86188, -0.11154128, -3.1472235, 3.9704957, 5.9795213, 0.96422493
0.014778325, -0.0025897063, -0.0074866475, 0.00020209908, -0.0023768493, 0.0074733915, 0.012525753, 0.002552372, 0.0072837756, 0.004561368, -0.0025809626, 0.0021320502, -0.005202939, 404.9576, 2.914622, 3.014937, 5.0257993, -3.0449421, -3.0972676, 1.8892468, 3.006104, 3.9117813, -0.063097514, -2.0458183, 1.0048171, 0.9403344, 4.9198375, 0.018890077, -0.113006614, 3.1111493, 2.9380221, 4.9361105, 4.8775325, 0.83506125, 4.9742575, 2.0122232, -0.09587051, -1.0782279, 4.891144, 6.082451, 1.0807134, -3.0419393, -2.1623769, 3.9117818, 0.93503356, 2.9281142, -2.0487745, -3.1144233, -3.0903761, 2.86233, -2.1765053, -0.0064065563, 5.962184, -3.0105004, 3.797622, 4.047027, -0.07779038, -0.0060089403, 0.07681729, 5.0286036, 0.046820626, -2.9770265, 3.9447458, 5.9592605, 2.9615543, 5.9181175, 1.8946254, 2.9768105, 5.036681, 2.8203514
-0.0049261083, -0.002396984, 4.8082533e-05, -0.0073603676, -0.002457932, 0.0073766476, 0.007334445, 0.010089654, -0.0075427615, -0.002389051, -0.004945023, 0.0072658886, 0.0047800667, -0.0022954259, 406.07385, 1.9874616, 2.119423, 2.9644337, 1.9720469, -0.12026809, 3.9953592, 5.0313272, 2.0007849, 1.0346562, -0.93798494, 3.916085, -0.9761722, 6.0408087, -2.040015, -2.9513958, 1.9950229, -2.0264783, 4.966418, -1.9624779, 1.8685747, 2.03474, 1.9724116, -0.9359816, 1.0465145, -1.9505616, 5.9325247, 4.051929, 4.0178146, 5.9875593, 2.964431, 6.0133295, -2.8943117, 1.9033151, 5.0301757, 0.9164895, -2.0691195, 1.9852705, -1.9080799, -0.039488487, 5.9919944, 2.0213459, 3.9958203, 5.0296187, -2.0585136, 2.000885, -2.0241804, 1.0463753, 2.9002028, -0.97357583, -0.0075811236, 2.026987, -2.8998106, 1.046928, 4.923909, 4.1035795
0.0123152705, -0.002565616, -0.0050052125, 0.0050553638, 0.0050438317, 3.6733705e-05, -0.007409348, 0.014715862, -2.7376176e-05, -0.004895109, 0.009751993, -0.004995357, 0.0096339295, -0.0026151983, 0.012529435, 407.87317, -0.12875167, -3.044433, -0.11663373, -3.0130937, -3.1676264, -2.9259448, 4.9253416, -1.0472001, -0.12684874, -3.0163689, -1.0344957, 1.7639776, 2.976388, -0.12652415, 4.9277434, -3.10808, 2.982924, 4.927173, 3.0115695, 1.9003316, -0.002821903, 4.0995607, 0.973571, -0.8304563, -3.1611845, 4.8951564, 2.9497411, 3.9117312, -1.9440619, 0.848782, 5.0320024, -2.105941, 4.7599587, -1.9785839, 2.0013814, 2.0926197, -0.014530066, 6.024293, 4.8489995, 4.913666, -3.0096521, -3.0072498, -0.102166586, 5.076811, 5.9671216, 1.0110513, -3.0993798, 5.8798995, 4.8136363, 2.966326, 5.9062266, 5.069266, -0.18423703, 3.8478181
0.014778325, 0.009636117, -0.00015616069, 0.002454619, 0.014916548, 0.009765709, -0.0051146755, -0.0078018983, -0.0026469943, -0.007241691, 0.0022449575, 0.009715822, 0.007265796, 0.004430696, 0.0073540085, -0.0076233647, 408.79556, 5.7697315, 1.9359215, 1.0198106, 4.9683833, 0.9274368, 1.9803241, 3.7753701, -3.3265166, 5.797158, 5.8251348, -2.0832288, 4.9022536, 4.8647747, -1.0550348, 3.8993344, -1.964013, 0.041116808, 5.875484, 0.96153194, -1.0993297, -0.093590826, 4.8504677, -1.0294588, 2.938086, -2.0598094, 3.96028, -1.1314181, 2.963196, 4.8773217, 1.9344319, 3.874483, 1.8192048, -0.08473606, -1.9883121, -2.0072684, -0.06035743, 1.9597821, 4.0062065, 3.840847, 5.05606, 1.9869354, 2.9926805, -2.9072206, 0.9294241, 3.919638, 4.862649, 3.945785, -0.071141794, -2.211094, -1.0538872, 0.98653483, 0.8776112, -0.13232505
0, 0.007335494, 0.012281015, 0.0046666516, 0.012329791, -0.0075193327, -2.0085701e-05, 0.012073103, -0.0052736225, 4.0666935e-05, 0.002148834, 0.014673928, -0.0074685453, 0.0071952585, 0.014918967, 0.0069496664, 0.012025651, 403.97757, 1.8263144, 3.8825834, 0.9219123, -0.07346524, 2.6391573, 2.8611925, 5.0090203, -2.2864468, 4.023144, -1.0417342, -0.15138611, -0.08732943, -2.200318, -0.0966172, 4.79953, 3.9702487, -3.273196, 3.8066516, 3.013157, -3.096899, -1.223064, -0.18762302, 5.8469625, 0.9270709, 6.0197287, -2.3217566, 5.8409777, 1.8467461, 4.94384, 4.0108814, 1.8853295, 5.972045, 3.024945, 4.9576383, -1.8625146, -0.28025383, -1.1614543, -0.24570589, 2.7956247, 0.8395081, -3.1587818, 2.9175096, -1.0040935, -2.1225166, 2.716766, 5.821442, 4.0567136, 3.7674007, 4.9647055, 5.8904777, -2.2676184, -1.1654992
0.0073891627, 0.0072632227, 0.009763409, 0.0022894992, 0.004921771, 0.0023688613, -0.0050087045, -0.0052485163, 0.0147928335, 1.5179684e-05, 0.0072988267, -0.0050661084, 0.014828692, -0.0051477673, 0.014721548, 0.009628175, -0.008024762, 0.011957491, 407.0069, -0.8640286, -2.1244407, 2.85984, -2.1606934, -2.1178896, 5.745884, 2.122522, 1.7481341, -1.2927847, 2.8591492, 3.8776731, 4.8033347, 6.0316296, 3.7777777, -3.088379, 3.1226904, -1.1631469, 0.84031314, -0.1704711, 1.0332781, -0.93362236, 2.8622386, 1.6849711, -0.24455513, 1.7991756, -1.9769864, -0.14009957, -0.10566366, 3.9270766, 5.6560826, -1.0242414, -1.0325648, -0.1593206, -1.0484836, 4.8572216, -2.1529799, 4.8570895, 2.919618, 3.9326577, 1.0073328, -1.1799072, 3.852912, 4.9744906, -0.020754376, 1.6996288, 0.7047654, -3.225068, -3.1862836, 3.721498, 4.920672, 5.801054
0.0049261083, -0.00493851, -1.2343308e-05, 0.0123161925, -0.0049753077, -0.0049323076, 0.0026936021, 0.0023696632, 0.0025286989, 0.0071197785, 0.0048150397, 3.608842e-05, -0.0025493428, 0.0022900417, 0.009696402, 0.0047875457, 0.0022087507, -0.0022539333, 0.01206493, 406.97064, 5.009517, 0.9022478, 3.9320464, 0.038532984, 0.024587177, -1.0751275, 2.0177147, -2.101061, 3.9567008, -1.0131779, 1.8070903, -3.0728269, 1.8627614, 2.9058733, 3.0022976, -3.0885227, -0.0047927233, -2.0344777, -1.1995223, -1.0022472, 0.9457981, -2.165668, 3.9189641, 4.870828, 2.9698935, 4.8587995, 5.919402, 0.9946756, 3.9105563, 3.024962, -2.9976583, 5.0230484, -1.9969908, 3.976529, 4.885168, 2.8859758, 5.841046, 5.8649254, -3.0567393, -1.0135291, 2.0322857, 4.9129786, 3.9777007, 1.9142743, 5.0015373, -1.0374715, 0.98153585, 3.859804, 4.8364663, -0.24874462
-0.0024630541, 0.012249914, 0.0048852204, 0.014531734, -0.005164461, 0.007205736, -0.0074490597, 0.0022087048, -0.0024809288, 0.012328631, 0.014618488, 0.005082747, 0.014705576, -0.0029265515, -0.00041741104, -0.0049973526, 0.0017719647, 0.004681967, 0.0021274176, -0.0050361296, 403.85135, 1.94424, 2.9234183, 1.8197708, 2.8754451, -0.029747294, -1.1552571, -1.2138685, 3.9467597, 5.833632, 3.7819479, 4.893744, 6.0107236, 3.993997, -1.9824967, 0.8532956, -0.9324233, -2.11696, 1.812794, 0.8733448, 2.7255127, 3.8223286, 1.9711603, 1.8917145, 2.9480672, 0.96089464, 4.7776823, -2.1103516, -3.060503, -1.95863, 1.908376, 5.0616155, -1.9872625, 5.0374155, -2.9274547, 3.8804138, 0.87346756, -0.036730766, 3.845256, 5.0538216, -3.097249, -3.0764372, 1.9118378, 2.8338706, -3.0804436, 4.9033794, 5.9815316, 3.8916252, -2.0902934, 0.95314276
0.0073891627, 0.014598716, -0.00012573264, 0.00483235, -0.0025842667, -0.0024316837, -0.0073103085, -0.000100128076, 0.00742416, 0.002408775, -0.0027325077, 0.012387106, -0.0023954923, -0.0053995023, -0.0050605335, 0.0072740484, 0.0049499026, 0.009764293, -0.0054190955, 0.012192987, -0.0052850167, 405.0673, -1.2317525, 0.8694838, 5.008205, 4.001414, 3.950181, 1.0065413, 1.9031888, 5.11959, 5.896925, -2.9137192, -3.0578809, -0.08569344, 2.87786, 6.0287414, 2.9533634, -2.189343, 0.9621747, -2.1214705, -1.9847699, 5.0374146, -2.09011, 2.8972867, 2.8694701, -1.1514425, -1.3785063, 0.8597786, -2.129339, 3.9313595, 4.942356, -0.00791766, 1.0647361, 4.8319273, 2.8639581, 3.949446, -3.107633, -2.094921, 5.0471888, 4.057337, -2.0904012, 4.952355, 4.0216393, 3.9006433, -1.1325467, -3.119613, 4.8526163, 4.8879013, -1.0135719, -2.056611
0.014778325, -0.0074800355, 0.0073172837, 0.0049218494, -0.0048891315, 0.009786683, -0.0024700032, -0.0076806326, 0.0076471055, 0.0024012995, -0.00513954, 0.009599647, -0.007476827, 0.009575347, 0.014589148, 0.007216825, 0.009458805, 0.002364929, 0.0022761838, 0.012285642, -0.002616391, 0.004391332, 407.87396, -0.13249028, -3.08516, 3.7491302, 2.8433797, 0.8946101, 2.8790627, 5.014058, 1.8456191, 3.00964, 4.7419577, -3.0967343, 4.770352, -1.9524187, 2.857561, -1.1654906, -0.3016239, 2.0110323, -1.8972594, 1.8206508, -2.2072217, 4.746626, 5.8844733, -2.336537, -2.173946, -3.1705372, 0.86978066, -0.20393851, 4.990807, 1.8867424, 4.9374886, -1.1305541, 5.7612777, -3.0482264, 0.7703047, 4.7875376, 6.0544753, 3.9038002, 1.0564173, 1.9963168, -3.1140375, -2.134342, 5.818624, -2.212361, -1.1695948, -0.21723966, 4.7419777, 2.8009639
-0.0073891627, 0.014743259, 0.0024461264, 0.004720871, 0.004798671, -0.000111861176, 0.0049396753, 0.0023853104, 0.0021330703, 0.002411108, 0.014784885, 0.014953408, 0.0073859403, -0.0053293887, 0.0022265126, -0.0051664775, 0.012061631, -0.007912904, 0.014525143, -0.00031138738, 0.009510385, 0.009644571, 0.002050521, 405.82867, -1.1232184, 5.76748, 0.7796654, 3.9801443, -0.24581999, 3.7316525, 4.624474, 5.852396, 4.005776, -0.029195944, 2.7998645, -3.1309617, -0.019402985, 2.9544535, -3.1806595, 4.889767, -0.24806532, 1.8998189, 1.0295163, 5.775943, -1.1356999, 3.973578, -0.084521025, -2.0582836, 0.8349369, -0.94856215, 1.9821146, -0.016908586, 4.0634403, 1.6508377, 0.93823063, 5.596231, -3.114337, -3.1804733, -2.3188026, 3.0450761, 5.8700027, 1.6418121, -3.278514, -3.199362, 4.0449734, 2.9540856, -0.9295889, 1.8118752, 2.8650458, 4.919025
0.0073891627, 0.014598716, 0.014654371, 0.009516316, 0.0048184018, 0.014506552, 0.0023638918, 0.009452221, 0.014458522, 0.012183105, -0.003028307, -0.0030278983, -0.00014753769, 0.002409838, 0.0044964976, 0.007320587, 0.01393586, 0.014219125, 0.0069191772, -1.5929912e-05, -0.0030740486, 0.0040568816, -0.00072478334, -0.00055169436, 0.82172453, -1.168634, 1.5896983, -0.21148564, 5.619348, 0.85287374, 3.696306, -2.194757, -3.3913414, -0.14087838, -3.2158558, 4.7454653, 1.9261975, -3.3603966, 0.8055739, -3.0663447, -3.1572547, 1.6817468, 4.6530585, 0.54390395, 5.849711, 409.87064, 4.7631397, 3.7340798, -3.39868, 1.8242507, 2.7161322, 5.893739, -2.9809103, -0.30781883, -2.3048093, -1.1422383, -0.5081541, 1.8940425, -3.0455723, -1.1526526, -1.2072439, -0.14156288, 5.7285566, 0.5630152, 4.776383, -3.2437901, 2.698983, 0.6103515, -3.0267017, 5.6352515
0.0073891627, 0.012153552, 0.0072762333, 0.014545447, -0.007608715, 0.0072476715, -0.0023692339, 0.007146967, 0.014758067, -0.0025294074, 0.014451184, 0.005033519, 0.009880922, 0.011801491, -0.0004686217, -0.0027203474, 0.0018186884, -0.00020176725, -0.0026009383, 0.0070730126, 0.0040592826, 0.01438896, -0.0004416991, 0.014514167, 0.81849563, -0.19019184, -2.427722, -2.379557, 0.82873386, -0.26734638, -0.48114884, -3.139438, -0.16968974, -0.22491592, 5.8258643, 1.8619251, 2.910025, -2.1683176, -0.1856228, 1.8180141, 4.940382, -0.16771941, 5.980019, -2.377469, 403.95712, 0.77653855, 1.8462042, 4.9535704, 3.8305502, 1.9108658, -2.1829205, 5.0073376, 0.7795514, 5.785744, -0.26935998, 0.6926614, 0.8885545, 0.9950292, -3.2046385, 1.9263159, 0.8089816, -1.1463387, -3.205985, -2.332175, 2.6524913, -1.3185997, -2.2725456, 0.6744829, 1.7906421, -3.1686423
0, 0.004890329, 0.0024395247, 0.002378925, 0.014872382, 0.009675139, 0.004734438, -0.0077100876, -0.0077215745, -0.002363552, 0.004883283, -0.0025873221, 0.014668774, -0.005020868, 0.0049258736, 0.012219809, -0.0053973785, -0.0003921118, 0.0148991905, 0.0052593183, 0.0076940763, 0.0047141076, 0.014640471, -0.007597021, -2.336039, -2.0557678, -2.2193577, -2.0528295, -2.311096, 4.6897135, 1.7655759, 1.9558532, -1.0739548, 4.985769, 2.8955123, -1.1566533, 4.8917284, 1.9943035, 5.9378004, 6.1127615, 2.8944788, -3.316271, -2.1421356, 400.74918, 1.9162507, 4.0676537, 4.9282146, 3.0114658, 5.683188, 3.002119, -2.1057894, 2.7778318, -3.0017626, -2.2189977, 3.9331121, 0.7193451, -0.00971675, 1.9356791, -1.1671425, 4.8751693, -1.2367401, 5.687047, -0.105581775, -3.215704, 4.8400927, -2.0158978, 5.9249325, 3.722974, -3.116135, 3.8089569
0, 0.0024451646, 0.014768192, 0.004666073, 0.007384449, -0.0050689215, 0.0099573005, 0.01213933, -0.005306665, -0.0025272118, -0.0053527257, 0.012123699, 0.0048098536, 0.012261548, 0.00024750413, -0.0028081036, 0.0046612276, -3.2060634e-05, -0.0026228735, 0.0020748612, 0.012303591, 0.0145025775, 0.0019449099, 0.0024347464, 0.95031375, 5.6925645, -1.1295971, -1.984699, 1.7059689, -0.26404926, -2.3095312, -0.1914732, -1.2111093, 0.9374104, 5.7925825, -3.2735198, -1.0994964, -1.9959185, -0.18846284, 3.8161786, -1.0751626, 1.8731695, 401.05487, 0.7225715, 1.7833853, -0.11259918, 2.0215685, 6.0672274, 4.1437674, -3.1473596, 0.8804333, 0.89290917, 5.0513783, 3.7410753, -3.0941496, 0.7277889, -1.132864, -1.0239532, 3.6603472, 5.7728534, -0.93017477, 1.9350121, 0.65546465, -0.25564495, -2.9136834, -3.2300434, 0.88232565, -0.28655058, -2.2433312, -0.06600923
0.0073891627, -0.007407765, 0.004908187, 0.012273877, 0.0074823997, 0.009656341, 0.0023838396, -0.007847772, 0.0048873685, -6.051605e-05, -0.0076686484, 0.0071264855, 0.0048314044, 0.012172479, 0.007314514, -0.00037325738, 0.0018559322, -0.0026308354, 0.0025082263, 0.012399679, -0.0024778624, -0.00053339143, -0.0022959937, 0.0122801745, -1.0777735, -0.2791504, 4.833172, 3.8805358, 3.8575673, 5.9450355, 1.8304646, 4.88927, -1.159886, 0.89383817, 1.8497798, 5.0260563, -2.1187685, 5.833365, -2.178526, -0.09063749, 6.0732093, 409.80524, 0.7889607, -1.2867224, -1.0541118, 2.6922736, -2.0560703, -2.010561, 1.878987, -0.1613612, 0.089311115, -3.0974438, -3.149477, 3.9712727, -2.1007211, 1.7889835, -1.1511668, -2.1109354, 2.001297, -0.10716075, -0.112592235, -1.0680525, -0.094283946, 4.944678, 4.8422756, 1.7408175, -2.0683312, 0.7386595, 4.7695503, -2.302141
0.009852217, -0.002541526, 0.002402925, 0.014738048, 0.0024765912, -8.8548615e-05, 0.002606235, 0.009610692, -0.0075408057, -0.0050069313, -0.0004313922, -0.0074424604, -0.0075012133, 0.0023867677, 0.014809658, -0.0073313033, 0.009573916, 0.0024121956, -0.005266831, -0.00019803004, 0.014628755, 0.014458321, -0.00023942605, -0.00020332918, -3.1086183, -2.2878523, 3.9614806, 4.83476, -2.07835, 0.84379745, -1.0902388, -2.0594764, 5.9401145, 0.8688675, -3.0303807, 5.7208104, -2.0008523, 5.121308, 2.786241, 3.0726817, 407.92978, 5.8118873, -1.0768514, -1.1587671, -3.1846883, -0.12618348, 0.9673027, 1.975522, -0.994984, -1.0786679, -1.1858636, 0.97493416, 0.0647478, -1.0578911, 0.88912606, -1.0768322, -2.1901495, -0.9636107, 0.8717364, 0.0036278856, -1.8048279, 1.9003899, -3.2590933, 5.9221582, -0.8609746, -1.0912597, -3.235534, 0.8722832, 3.9856496, 5.8998437
0.0049261083, -0.0024933452, -0.007414309, 0.012407391, 4.272278e-07, -1.12338275e-05, 0.01258413, 0.012350838, 0.009609972, 0.002074049, 0.014737294, 0.014791436, 0.0071264794, 0.00701357, -0.005147968, -0.0005453411, -0.00017041099, 0.00511106, 0.012031561, 0.0017218586, 0.012116257, 0.00486243, 0.01188773, 0.009785308, -2.0829496, 5.8129373, 3.7461638, 4.9251447, 2.753719, 3.751638, -2.4504905, 1.6850098, 0.7278338, 4.6446395, -0.108895466, -3.0997238, 3.8572242, 1.0527165, 2.7911015, 401.8798, 3.8596807, 3.8368647, 5.9216247, 0.72417545, 2.787722, -2.1586607, 5.897804, 0.024061203, 5.8526006, 5.8859396, 2.8315911, -3.0727394, -0.15204145, -1.1907531, 1.7775099, 5.644296, 0.92247486, 0.83360434, 4.6557345, -2.1257682, -2.0998847, -0.12851524, 3.7941887, -2.2919688, 0.7460855, -2.2590082, 0.8337464, 0.70477945, -3.2405932, 0.6887158
0.014778325, 0.01208128, -0.005094775, 0.01231375, -6.530126e-05, -0.002425032, -0.0047415597, 0.00972064, 0.01471226, -0.00752936, 0.004551386, 0.0025453474, 2.4291936e-05, -0.0054070465, -0.007489913, 0.012086089, 0.004884583, 0.012315467, 0.011793637, 0.0072363727, -0.007856633, 0.00018165157, 0.006891414, -0.0050043412, 0.8530213, 4.0300827, 2.7840762, 4.8785963, 4.8214784, 1.9928595, 4.8096232, 3.975021, 4.9131827, -0.21579325, 5.8896813, -1.0631881, -1.1103238, 2.8735228, 407.95395, 5.0359206, 6.0273466, 4.973374, -1.1027882, 5.889316, -2.0405903, -1.098527, 4.7118692, 2.8150723, -0.4318817, -2.0358682, -2.1429002, 2.0609756, -3.0383642, -1.2271208, 5.7417927, 4.8875566, 2.8552368, -3.0948455, 0.9159219, 4.1445637, -2.2354603, 4.827081, -0.9868428, -1.2602577, 1.6650317, -3.0785882, 1.7416049, -1.1901528, -2.0483558, 4.744041
0.009852217, 0.012129462, 0.0047947974, -0.00011211324, 0.007409949, 0.0048685186, 0.0024485122, 0.012200865, 0.0070685646, -6.1849685e-05, 0.014619588, 0.00964498, 0.0071628937, 0.011955885, 0.0071804035, 0.0069363574, 0.009251308, -0.007825964, 0.01204497, 0.009560082, 0.006706432, 0.007010043, 0.004005416, 0.009413958, -3.2257745, -2.2610054, -1.3757589, 0.81906134, 4.6107454, -2.3867931, 5.459912, -0.32794294, 1.679343, -1.1430639, 0.5949506, -3.1111834, 4.9295454, 402.86932, 4.7699604, 1.8868215, 3.8049545, 4.8507113, 4.9369674, 2.4572997, 3.9305942, -3.2370684, -0.109966464, -1.0919951, -1.3727946, 5.949301, -3.0998695, -1.0643722, -0.09899723, 3.5645332, 2.5948272, 3.5031116, -3.1506243, 0.84643877, 4.7735877, 3.8862276, -1.2666469, 4.735769, -2.3478436, -0.42475617, 4.67469, -2.2592278, 1.8485136, 4.7409625, 0.5871655, 3.656518
-0.0024630541, 0.009804749, 0.004897134, 0.004745331, 0.0023660173, 0.002350844, 0.0024575088, -0.00014584401, 0.004748513, -0.0048946226, -0.00020233265, -0.007362186, 0.014893094, -6.641014e-06, 0.0098080635, -0.0025227165, -0.00530889, 0.014445373, 0.0147760175, -0.0072935596, 0.012136071, 0.009348938, 0.012323082, -0.007363873, 2.7232695, 5.9691224, -2.3031368, -0.17324068, 3.8103874, 2.7364547, 2.770247, -1.1255896, -0.23058797, -0.96441233, 3.0153933, 5.7371078, 406.81824, 3.054024, -1.9778992, 1.0363686, -1.241643, -0.262956, 0.8892244, 4.8470445, -1.1598399, 5.0266023, -0.97074604, 5.9302826, 1.7962811, 1.9487942, -0.17115974, 0.8457638, 3.9773278, -2.126308, -0.061269835, 1.8377686, 3.861529, 4.9251804, 4.78554, -3.188429, -3.0820806, 4.878599, 4.8907714, -0.25812975, 0.88352674, -2.0668945, 0.9008099, 3.6532798, 4.962269, 5.849003
0.0073891627, 0.0023728937, 0.012250586, -0.00016215339, 0.012427847, -0.0001123047, 0.0048929355, 0.012096747, 0.009531867, -0.0025180744, -0.0077755814, -0.00789522, 0.014648235, 0.00021358846, -0.0070354277, 0.009594109, 0.0020125837, 0.009580847, -0.004937047, 0.012457914, 0.009583261, 0.009661811, -0.0054525505, 0.0024411425, -0.17686035, -0.95918053, -0.28213435, -0.052078106, 3.566257, -1.2666025, -3.225504, -3.1358445, -0.24100411, 4.788365, 4.9847684, 404.74503, 5.880132, 2.9134004, 4.074176, -2.9273596, 4.9538503, 2.7739716, 5.7389436, 3.7523658, -2.046018, -1.1389811, 3.8820634, -1.0479504, -3.1845798, -2.1448045, -1.1214937, 4.812294, 6.0306892, 4.6801567, -3.197514, 3.7553964, 0.81929004, 1.0750768, 4.849285, 3.7402873, 2.8514662, -2.025657, 5.7603607, 4.5459986, 5.791862, -0.18209538, 5.6503124, -1.3832555, -3.042466, -3.1594923
0.0073891627, -7.227088e-05, 0.01472585, 0.009623671, 0.007415572, -0.00017809533, 0.009969783, -0.0004006706, -0.0076682395, -0.004999121, -0.0029126669, -0.00016884934, 0.009752881, -0.0026377807, -0.0022305779, 0.009820964, 0.01185338, 0.0046564373, 0.009726044, 0.004977698, 0.01262988, 0.014502669, 0.0069556725, -0.007550266, -2.2488585, -3.224475, 4.73558, 6.007765, 2.5477207, 0.6082082, -1.2761307, 3.8941224, 2.8929126, 2.8942752, 404.88293, 2.6710172, -3.1428895, 3.984417, 4.7517815, 6.0791383, 4.977188, 1.6884265, 3.8536353, 0.835595, -2.1723735, -1.0756031, -2.1598449, -1.0371513, -1.0924294, -2.0847316, 0.8129682, 1.8205174, -1.9161559, -0.3211259, -2.074917, 0.7122638, 0.8276733, 5.9925637, 0.6841253, -1.120894, -0.039882094, -3.2763386, -3.2552586, 2.6360183, -3.0008745, -0.07099141, 2.7872782, 1.5614549, -2.1552122, 0.8791486
0.0024630541, -0.0049144193, -0.00492096, 0.0025721057, 0.0025367031, 1.7951364e-05, 0.004994955, -0.0074398965, 0.007399936, -0.0050371964, -0.0049063163, -0.002477944, 0.012348267, 0.004955095, 0.0049979105, -0.0075906357, -0.007554345, 0.01470536, 0.0050934674, -0.0049426593, 0.0025104645, 0.01458026, 0.015228499, -0.0047499607, -1.1634312, -3.0448709, -1.2580206, 2.958967, 1.9335178, 5.8565655, 4.929142, 5.9609694, 3.9108965, 401, 6.070277, 4.8449726, 3.7247233, 1.158083, -2.9645832, 3.0790386, -3.0410798, 5.8299885, 4.906612, 4.007368, 5.7964745, -2.029054, 2.1416514, -0.009226027, 1.9820757, 3.8107114, 1.9108692, 4.8917055, -1.1725633, -1.9022398, -3.0863192, 3.9572532, -2.9577844, -2.07823, 2.8279788, 4.7964516, 6.068259, 0.9884237, 2.9726408, 1.8801879, -3.1259038, -3.0123763, 5.92995, 0.75854635, -2.0210714, -2.089656
0.009852217, 0.004793968, 0.0048305364, -0.0025095094, 0.0074767885, -0.0073406603, -0.0049112304, 0.009774882, -0.0050460794, -0.002412355, -0.00021702271, 0.002328729, -0.0025769568, 0.009745711, 0.0051421295, -0.00018649944, -0.0026149463, 9.308251e-05, -0.0075967386, 0.009742808, -0.002711904, -0.0073316507, -0.0030398676, 0.009760398, -0.0070146294, -2.052853, 2.0667193, 3.9611173, 2.9674435, -0.025395844, 2.9615874, 2.8794823, 408.84174, 5.012286, 0.8895895, -2.9980786, 1.0432258, -0.030549092, -1.9986279, -3.1379178, -1.0581648, 6.10159, 5.041832, -1.1879742, -0.9912228, 1.834976, 4.9434624, -2.9696226, 3.9620266, -2.0189927, 4.049969, 6.0004897, 4.022412, -3.03992, 2.8841317, -1.0821708, -3.0248575, 2.9994485, 2.100887, -2.013584, -2.024783, -2.9397798, -3.0827737, 4.962493, 5.9165764, 2.8322704, -2.0308988, 5.0622697, 4.7569976, 1.8924735
0, 0.014670988, 0.009781925, 0.0071004117, 0.00978119, -0.0050614853, -0.0024828296, 0.0071122055, -0.0077184644, -0.0048022713, -0.002909412, -0.007387847, 0.01482791, -0.002528139, 0.010088939, -8.214234e-05, 0.0019619276, 0.009460867, 0.009582899, -0.007183745, -0.007607937, -0.00019924984, 0.009677701, -0.002430278, 4.8683853, -1.1029553, 5.8453608, -0.17994942, 3.8444083, 5.8004713, 0.8940569, 401.86734, 4.9209123, 6.2057776, -2.0824928, 2.7216947, -0.063209794, 2.9619668, -0.96353495, -0.033868734, -1.247371, -2.134547, 0.97860813, 1.8535769, -2.0657003, 2.9979856, -1.9522654, -0.07130921, 0.7648002, 5.037942, -0.07906365, 3.0262842, 3.0573015, -3.0312057, 1.9376885, -2.1368866, -3.1432447, 0.9951243, 0.8583591, -2.004653, 3.8203826, 3.813259, 1.9314109, 3.8574412, -0.063149616, -2.9766743, 1.0848045, 2.8469572, 2.8293629, 0.8280373
0.009852217, -0.007431855, -0.0049633016, 0.000176482, 0.00011651324, 0.014754965, 0.0073651765, 0.014862848, -0.00015686324, -0.0074129296, -0.005150906, 0.009540627, -0.0052169557, -0.0024751541, 0.005035351, 0.014556105, 0.0051987856, 0.0074091344, 0.00946777, 0.009438994, 0.007347419, -0.002516061, 0.0020537334, 0.014678986, 5.9193296, 1.7290624, -3.061117, 1.906741, 0.8115362, -2.0095122, 408.7944, -1.1744025, -2.335063, -3.2578542, 5.700931, 5.1066375, -1.1023489, -1.0385717, -0.054601543, 2.0889494, -0.99990785, 2.8698938, 3.7686374, -2.2974827, 2.913504, 4.770195, 3.8732383, 1.8020442, -1.3156623, 3.8381577, -1.2072453, -0.12722574, 6.0275106, 2.7021847, 0.7757183, 0.8309098, 0.8761598, -2.0294516, -0.99855804, 4.9458213, -1.1982126, -3.030163, 4.8872557, -3.0900624, -3.2963812, -3.2059407, 1.8012224, 4.839375, -1.177698, 4.739672
-0.0049261083, 0.0073836744, 0.012317183, 0.009543761, 0.012280595, -0.007578971, -3.0988256e-05, 0.0021000055, 0.0021837568, 1.5502463e-05, 0.007207776, 0.004958527, 8.348141e-05, 0.0072401958, 0.012280836, 0.011900583, -0.0029417865, 0.0075145774, -0.0049677403, 0.012255101, 0.0022189396, 0.0046843328, 0.0065698633, 0.0071906024, -3.0795217, 5.8935986, 5.877728, -2.1581445, -1.1636641, 402.84924, 4.6974177, -1.9602126, 3.742956, 3.8257337, -1.111873, 1.779239, 4.9397926, -2.085461, -1.0688543, -3.206021, 3.889273, -3.221933, 5.9029803, -2.4249535, 0.8112501, 3.8579636, -2.141852, 1.1812847, 5.8088784, -1.0534941, -0.008461979, 2.7651343, 0.991569, 2.7254002, 3.7785313, -1.3242784, -1.1494875, -0.15587634, 2.8957233, -3.2687242, 0.8665832, 1.7927165, 3.8128486, 2.7367802, 3.8208044, 3.705079, -1.1849766, 0.6484472, -2.2031448, -0.19899507
-0.0073891627, -0.0072632227, 0.002553344, -2.0243764e-05, 0.0074748592, 0.0048005288, 0.0022787226, 0.007348056, 0.0023147687, 0.0073935674, -0.007401643, -0.0028120065, -0.000117963216, -0.0045078415, -0.0023251316, -0.005010281, -4.8992195e-05, -0.007465337, 6.165947e-05, -0.0023194323, 0.00010950676, -0.00012670275, 0.012530065, 0.0025837275, -0.8437117, 4.896431, -1.9525976, 1.0180464, 402.91818, 1.9343612, -1.9836239, -0.12570432, 5.91897, -1.917189, -2.0519748, 0.055806257, -0.98358744, 3.9750996, 3.0892844, -0.0006791159, -1.9476143, 1.8826724, -1.0015025, 3.86233, -1.0490782, 1.112361, 3.1901615, 3.0721078, -2.9794858, 5.00411, 4.951157, 5.9858265, 5.9567394, 3.0257714, 1.9817563, -1.8885444, -1.1191964, -1.0835989, -0.16348664, -3.1326993, -3.015073, 1.0199425, 3.023038, 5.1243663, -2.9892142, 0.107881665, 6.0713854, -2.9345708, -3.0023522, -3.0963273
0.0073891627, 0.014598716, 0.0072643193, -0.005081036, -0.0025538125, -0.0073049213, -0.0048245364, -0.0024901303, 0.012380495, -0.0024800096, 0.0073437453, -0.0023872722, 0.0075405403, 0.0021815333, 0.014690394, 0.0023790852, 0.0070011984, 0.006930309, 0.004796359, 0.0025342023, -0.0031676134, 0.007065084, 0.006787259, 0.009595143, -1.1168141, -1.0787128, -2.334536, 406.78323, 0.8384944, -0.22989179, 4.717932, 2.8903854, 2.754069, 2.0807366, 1.8452896, 4.9021606, 4.848975, 0.89769405, -1.9893038, -2.0684445, 2.8261416, -0.086337835, 5.91623, -2.2569163, 1.9313124, 0.78379965, 0.94440854, 4.9037137, 2.7308502, 4.9929276, 4.9544196, -0.048037186, 0.89490277, -0.21044011, -0.33253026, 5.759078, -1.0788119, -2.1283252, 4.9779654, 3.880997, 0.8539858, 4.8329706, -1.0656607, 3.7456474, 0.72398186, 2.9116235, 0.9763844, 1.7806809, 1.7524023, 2.8280396
0.0123152705, 0.0047698775, 0.014665854, -0.0050935186, 0.014940586, -0.0049726996, -0.0075308094, -0.0028404642, 0.002389679, 0.007425267, 0.00982804, 0.011999154, -0.0075469296, -0.007782234, 0.002583228, 0.012113073, -0.0076408857, -0.0049185334, 0.01454815, -0.004649594, -0.006847214, 0.0049882666, -0.008058978, -0.0005349602, 1.6653912, 0.9717281, 407.08682, -2.9848936, 0.86918604, -3.138583, 2.7823286, -2.0341647, -1.090291, -0.9494914, 4.9709244, -1.067021, 1.9826654, 5.734546, -2.133206, -2.0317132, 3.0626898, -2.2283413, 6.084731, 3.8087337, 4.160274, 3.0482635, -0.11674052, -1.0511546, 5.8179345, 5.058025, -0.99413574, 1.9738748, 6.117172, 5.6274323, 2.0815797, -3.1570623, 3.0698307, -1.0730126, -0.0046392684, 3.940995, -0.037524592, 5.886553, -1.0261775, 0.8488773, 6.0386753, -1.106503, 1.9109805, 1.9702026, 3.8288503, -1.1789426
0.0073891627, 0.014598716, -0.0075157853, 0.009843589, -0.0025903648, 0.009812923, 6.291565e-05, -0.005067431, 0.007307992, 0.009646028, 0.0147386715, 0.012404132, 0.014623079, -0.0056250077, 0.009312179, 0.012010746, -0.005421831, 0.0070532374, -0.005329753, 0.0096698655, 0.00942974, -0.00010930276, 0.011598698, 0.014179112, 5.8780427, 408.9343, 3.7585218, -1.2734835, 4.7943816, -1.1209033, 4.5463185, -2.0630925, 0.7407589, -1.2573051, -3.1079605, -3.0317822, -3.117958, 1.8123581, 5.874534, 3.8711123, 3.7967637, 2.69083, 5.715913, -2.4269223, 1.7755504, -3.2600174, 5.5784903, -2.0476267, -2.3128214, 0.95609295, -1.2092593, 2.826593, 0.89204013, -2.1686924, -3.3088317, -1.3433434, 0.9804275, 4.8830156, -0.054437533, -2.150888, -0.25567612, -2.1536474, 3.9801252, 2.7809472, -2.3850408, 5.671488, -0.2035339, 3.7000377, -3.1516063, 3.6916914
0.0024630541, -0.002469255, -0.004932873, 0.012358509, 0.007445465, 0.012149797, 0.0098367585, 0.009691681, 0.014463237, 0.0022293334, 0.0147566935, -0.002689906, 0.007157179, -0.002513573, -0.005241758, -0.00518836, 0.011818733, 0.0020944783, 0.0023968956, 0.0045739985, 0.014261292, 0.012012032, -0.007537901, 0.009456186, 406.8012, 1.8646401, -0.38332158, 0.8537997, -3.2796965, 5.715648, 0.71103656, -1.1952459, -1.0405988, -3.4333315, -2.9848537, -0.17950213, -0.03150683, -0.00035352743, 2.8690522, 4.0973763, 1.8592529, 2.7574947, 3.7161803, 2.7757082, 5.922087, 2.8793695, -1.0918769, -3.07741, 0.73449874, 5.8866773, -0.1344765, -0.07658635, -1.0968663, 1.761245, 0.8383862, 1.6562256, 1.8151802, -2.0037863, -2.2135324, 1.9704716, 3.860059, 1.7887845, -2.3506448, -0.34931302, 1.8237417, 2.8223937, -3.312079, 5.7094584, -2.899609, -0.197957
0, 0.009780658, 0.0073424, 0.0022704124, -0.005079014, 0.009733803, 0.009921658, -0.0025411972, -0.0026503277, 0.0048296014, 0.007256919, -0.0049790307, 0.0024126794, 0.0048292307, -0.0004576222, -0.004588872, -0.0076971753, 0.014671051, 0.00740251, 0.0021980628, 0.009763986, 0.0018629191, 0.009470613, 0.007130011, 5.768356, 3.9468303, 3.7063618, 3.8957098, 4.8362846, 5.7975316, 4.768721, -1.1483372, -2.3059936, 2.9260492, -0.01758286, 3.8786125, -1.07277, -3.0291753, -0.06502642, -0.117990814, 5.8220387, -3.1522107, 0.88152313, -1.2413156, 3.831747, 5.044915, 403.8656, 1.9755558, 4.9146037, -3.1098402, -1.3096807, 4.7717757, 2.960176, 4.903299, 2.945403, -3.0921292, 0.8419926, -0.009126176, 2.041774, 3.8595345, 3.9069717, 1.8693931, -3.1318614, 4.814578, -3.153063, -2.1615596, -0.11206651, 3.7082372, 4.953825, 0.9105567
0.014778325, 0.009636117, 0.004770541, -6.918221e-05, -0.0049862303, 6.0674352e-05, 0.0076533705, -3.3447854e-05, -0.0075079175, 0.0022672678, 0.009652734, 0.0123190675, 0.012075566, 0.014184074, 0.00965911, 0.002300442, 0.0019656578, 0.014594564, -0.0028110906, 0.0019061366, 0.012078431, 0.0021781283, -0.0057890187, -0.0005060981, 4.748907, 1.9161737, 3.7476602, 4.9420667, 2.7819705, 1.8139303, -0.30358458, -1.1632105, 0.7319728, -2.1550992, 4.9184017, -3.2565465, -1.1231562, 4.0113525, 1.6745884, -3.1077647, -0.3146546, 4.9216204, 3.8550968, 1.8410493, 4.7962036, 0.7029294, 0.7171135, 401.8612, -0.9958678, -3.1751065, -1.1337913, 1.8581344, 2.0593922, 2.8898413, -0.15524094, 3.689833, 5.9556894, 3.9977467, -0.020043096, 5.901488, 4.0721674, -2.9792325, -2.3236518, 2.5796733, 0.9118404, 5.627091, -3.1566365, -1.2862821, -1.2832538, -1.0705874
0.0123152705, -0.002565616, -0.0025418613, 0.007470074, -0.004925825, 0.012274379, 0.0025196655, -0.0026085977, 0.012409739, 0.009597348, -0.005126782, -0.0077382536, 0.004759709, 0.012317434, -0.00040149048, -0.004932442, 0.014095538, -0.0053454684, -0.004970678, 0.014841246, 0.0067952927, 0.0067573, -0.0024504217, 0.0047488296, 6.0078025, 0.8726901, -1.3293805, 5.9108744, 1.7470214, 3.8631487, -0.1722979, -2.1769767, 4.8456874, 2.8403776, 0.86744964, -0.009608616, -2.035694, -1.1119205, 1.7984235, 4.023855, 4.0203347, -0.12610258, -3.2945714, 2.75498, 3.8998528, 3.710409, 3.8358788, -2.115402, 409.93683, 4.846164, -1.0603889, 2.968846, 4.8225684, 0.012849879, -1.3040098, -0.11177494, 3.7288013, 5.939429, 2.0006046, -0.08030333, 3.9831202, 2.9790123, 2.8354607, 4.7927094, 3.836318, 0.90148884, 4.7915316, 4.7848544, 1.9451522, 4.7693267
0.0024630541, -0.007359584, 0.012334408, 0.002335452, 0.0050001666, 0.012106602, 0.004765772, -0.0027742283, 0.004858173, -0.0048390804, -0.00012379063, 0.004654119, 0.0024050542, 0.004931707, -0.0049211713, 0.012147344, -0.002729771, 0.0024968504, 0.0125594055, -0.0048357206, 0.015268809, 0.007034276, -0.007426172, -0.007501478, -0.34316996, 0.95123833, -3.160769, -2.0216029, -3.2130468, 0.793792, 1.8018911, -0.06564857, 0.8369466, 5.7987556, 2.9962497, 2.8742778, 2.89918, 0.90011054, 1.8158357, 4.0719967, 5.088646, -3.284442, -3.0859058, 3.916243, -0.9311002, -2.9704227, 1.9564316, 2.9658635, -1.0716752, 406.9185, -2.0853422, -1.1818027, 3.0072196, 1.696316, 2.129083, 2.8400316, 1.9664985, 1.0464524, 1.8309942, 3.8079815, -0.038202118, -1.9794756, 1.8486122, 5.6949086, 2.9570217, 2.7561915, -1.289883, 5.6850114, -1.9902778, 4.9307075
0.009852217, -0.002541526, 0.012256328, -0.000113849055, -0.0074260766, -0.007342357, 0.012673224, 0.004950424, 0.014772824, 0.004537893, 0.0047945715, -0.0076288157, 0.012217939, -0.007428383, -0.0023725345, -0.0023916503, -0.0026934678, -0.0001710164, -0.0073458916, 0.014679861, 0.012000576, -0.0077339965, 0.011603381, 0.014859431, 3.1466937, 0.05555915, 2.7878845, 2.8802502, -3.3293085, -3.200545, 3.755872, 0.8046887, 5.6237397, -2.1649432, 4.1351852, 4.0179124, 4.8754897, 0.91816413, 1.0677629, 0.9773346, 4.9810605, -0.14219445, -2.2048504, 5.782494, 5.9333396, -0.18755315, -1.0826211, 0.09974987, -1.056879, 0.009214866, 409.866, 3.8061054, -2.085758, 0.88639396, 5.725062, 3.9525855, 4.7931075, -2.1113014, 0.90923464, -3.1765134, -3.0380445, -1.9971558, -3.0073264, 2.8361757, 3.7384703, 2.8715522, -0.06313758, -0.22883166, 1.7744262, 4.830156
-0.0073891627, 0.014743259, -0.0049439264, 0.0023788882, -0.00014658703, 0.0073191184, -0.0025792476, 0.009942643, -0.0026892414, 0.009880105, -0.005109843, 0.009800547, 0.0048370683, -5.8224552e-05, 0.004707484, 0.012073835, 0.0072571714, 0.0071648657, 0.0068649272, 0.009689694, 0.014363739, 0.012179793, 0.0019449642, 0.0120391585, -0.055674773, 0.7991706, 2.894019, -3.0661478, 5.7464237, 0.84456486, -3.4258518, -2.1805737, -1.3008826, 5.922603, -2.362917, 0.91100734, 4.0040827, 3.9161465, 2.964559, 1.8481866, -2.2745752, -2.2095356, 2.8103209, 1.5496371, 0.7349813, 2.8148158, 2.6714861, 5.856833, 5.8241773, 0.91877884, 3.8066869, 409.87308, 0.09637112, -0.35592738, -2.2111187, -1.4008178, -2.1682506, 4.9288163, -3.1249096, 4.7627907, -0.23393396, 5.845956, 0.8375284, 3.7758029, -1.1306154, 5.873756, -3.1686022, -3.3181155, 3.9068968, 5.77484
-0.0073891627, -0.0072632227, 0.007480046, -0.0049951193, 0.0049991948, -0.0025238276, -0.002630612, -0.0025239184, -0.007353668, 0.00018347688, 0.012633521, -0.0048674988, 0.014748305, -0.007283735, 0.015048076, 0.004801344, -0.0027816682, -0.007549924, 0.0052134213, -0.0021499638, 0.0075345007, 0.0074207014, 0.009785271, 0.002393012, 4.890943, 0.96472836, -2.0361674, 2.8589492, -3.079664, -1.3471913, 1.8358347, 0.96311784, 4.972589, 0.11492838, -2.9782708, 5.9049172, -1.0236378, -0.86507905, 4.0239105, -2.8786619, -3.161912, -0.2680899, -1.9726266, -1.1152835, 1.0279409, -1.9916538, 1.1678886, -1.8880545, 5.941079, 2.1240854, 5.057458, 4.886947, 402.9894, 0.91183305, 3.993494, 2.813015, 5.1056247, -1.0692128, 3.7772145, 5.8147635, 1.9664464, -2.1340806, -3.047596, 3.9219942, 2.9239438, 2.097207, -0.8984688, 4.936779, 5.764023, -1.9898652
0.009852217, -9.636117e-05, 0.007317713, 0.014647429, 0.014885438, -0.0050736084, 0.002536673, 0.0019816342, 0.004669635, 0.0047100647, 0.007117367, 0.004711031, -0.00016916062, 0.014499603, 0.014673536, -0.0029678915, 0.013875597, 0.01216531, 0.0021588558, -0.007637598, -0.0051665353, 0.006919676, -0.0029001667, 0.0020064001, 2.8234348, -2.2713594, -3.2603889, 5.874671, -3.1603692, -1.2140305, 0.81011903, 5.8086395, 2.8413186, -3.1568503, -1.0611991, 3.6374874, 0.90048796, 2.9280727, 3.6631756, -3.1109414, 2.808259, 1.7728227, -0.18002614, 5.7624164, 5.813467, 0.7505616, 3.9654136, 4.963117, 0.8423016, -2.1637, 2.0134447, -1.0194718, -2.0700326, 402.93982, -1.1804496, 0.7053057, 1.7806798, 1.8665656, -0.13446815, -2.1155684, -1.9463925, -3.1304333, -1.3331873, -2.350035, -2.0270963, 0.70799875, 0.8378652, 1.7245196, -1.1827906, 5.6773257
0.0049261083, 0.007287313, -0.0025352596, 0.009812021, -0.0075359927, 0.014678395, 0.009978906, -0.007512342, -0.0075129536, -0.000118876924, 0.0022233631, 0.009962124, 0.00236701, 0.009410102, 0.014263996, -0.007317278, 0.011936145, 0.006934294, -0.00028587482, -0.0054024607, 0.007151343, -0.008014209, -0.0050135492, -0.0028992442, -1.0735351, 1.7542212, -0.18817095, 5.9063816, -1.0243536, 1.0676528, -2.0537932, 3.9332247, -0.0703498, -3.0914054, 1.8910285, -1.09135, 5.9556575, 5.953493, -3.3479736, -0.0731239, 2.77402, 3.9906552, 3.8062134, 1.9522046, 0.8095721, -0.20795153, 4.8444934, -0.18092708, -3.0376375, 0.8754802, -1.0759687, 1.9613655, -1.9663018, -0.9061016, 401.96835, -2.105185, 5.8216887, 3.9701362, 0.07655568, -0.8596147, 4.045605, -0.03790014, -2.2231543, 0.9332296, -2.9322057, -0.2659365, -2.972418, 2.8710878, 3.9641182, -0.058338366
0.0123152705, 0.0047698775, -0.007504302, 0.0074891234, 0.004983078, 0.012263867, -4.3277785e-05, 0.009727598, 0.009670539, 0.0023321642, 0.004718142, 0.0145354085, 0.01200797, 0.004513218, 0.009668814, 0.014116893, -0.0053426223, 0.014658801, 0.004440371, 0.007048395, 0.009470146, 0.01220466, 0.009256682, -0.007797309, -1.3008084, -0.08633353, 1.7216489, 1.82193, -1.2881323, 3.8658772, -1.4228578, -2.0907686, -2.3317692, 0.6892301, 5.7977133, -1.1920046, -0.22531419, -0.032617465, 2.805974, 0.057122335, -3.1810973, 1.6628516, -2.2567477, 5.604256, 1.7300091, 2.7692535, 0.7321651, -2.203381, 2.642591, 3.748683, 5.7746816, 3.8282223, -1.0409526, 3.7329679, 4.647771, 403.7085, 3.8814785, 0.82683563, 5.761276, 5.7675524, 3.8880808, 5.969034, 0.753616, 3.5550628, 1.6188239, -3.322654, 4.606957, 1.6416717, -0.19324689, 0.6798271
0.014778325, -0.005034871, -8.468223e-05, -0.0023401733, 0.010074531, 0.0024877328, -0.0075287446, 0.014680467, 0.014762178, 0.0024260096, -0.0025968687, -0.0005254115, 0.004661676, 0.012419971, 0.00018026488, 0.014185363, 0.009349306, -0.0050261756, 0.014591702, 0.010033202, 0.009488026, 0.004752414, 0.0069122375, 0.007334906, -3.1429496, -2.1349957, 0.77513605, -1.0819325, 5.61, 5.619335, 4.626416, 2.5711334, -3.4242334, 1.8686109, -2.3282595, 1.0124502, 2.9291697, 3.9039907, 4.900445, 4.0224657, 5.986676, 3.7808163, -3.1537542, -1.4371521, 4.001128, 3.730738, 5.916856, 4.907499, -3.320488, -0.05107373, 0.9774677, -3.044549, 0.8365384, 5.665272, 1.632438, 3.6768773, 406.84244, -2.1559749, 5.7663264, 5.7213387, 5.7957373, 4.0061965, -1.1269937, -0.379331, -0.38317138, -1.1474805, -1.287339, -3.213038, 1.6547248, 5.530952
0.0123152705, 0.012105372, 0.009703414, -0.002623395, -0.005016865, -0.0048597883, 0.0026889795, -0.0074888603, 1.7108146e-05, 0.014517954, 0.009778926, 0.004836295, -0.00749766, 0.011876974, 0.009387558, 0.0026059274, 0.0019858663, -9.171024e-05, 0.012040201, -0.007487122, 4.879286e-05, -0.0005555785, 0.0016893968, 0.009406547, -0.13155, 4.8605247, 2.8683004, -2.054153, -2.1311955, 0.8183035, 3.6761584, 1.7517074, -2.3387578, 3.0846097, 2.8578432, 4.9101944, 5.9804378, -1.2231983, -3.2876296, -2.2457438, 1.8781159, -1.1124939, -0.99806154, -1.289957, 1.9468, -3.1141713, 2.8324533, 2.9733677, 2.969233, 3.0196004, 3.863271, 1.9685144, 2.9563918, 5.860656, 0.8469723, 1.8110404, 1.9216818, 407.9109, -1.9005834, -0.11937181, -0.99085504, -1.0969456, -1.053781, -0.1781586, 6.0076585, -0.18458375, 2.01481, 3.8574758, -0.26107213, -3.270387
0.0123152705, -0.0074559455, -0.004981386, 0.005091149, -0.007358968, 0.0074309306, -0.002400883, -0.0025155176, 0.010114382, 0.01451673, -0.007483725, 0.0046162116, -0.0075852554, 0.014698514, -0.0028255908, -0.0025784152, 0.014411609, -0.0024741204, 0.009588469, 0.012224464, -0.005211686, 0.006978805, 0.009863204, 0.0048044524, 3.067837, -2.2425623, 3.8003569, 3.046848, 5.8288436, -1.0870245, 5.821967, 1.7610927, 1.7644279, 1.9789413, -1.3057933, 0.13549195, -3.065032, -3.1073048, -1.2610943, 1.9258653, 4.0999904, -3.0658896, -0.14066616, 3.749224, 5.830074, 4.7446656, -3.1535454, -3.1512358, -0.024918158, 5.8144193, 1.944552, 6.0320783, -1.1991206, 0.011174596, 5.706839, -2.027707, 5.748648, -0.24372795, 409.96896, 3.9074824, 3.0206351, 0.97621226, 4.9603963, -2.0820801, -3.185013, 6.0099897, 2.9146802, 5.8745275, 3.7689486, -2.2988214
0.0123152705, -0.005010781, -6.6597495e-05, 0.0074516027, -0.0024258432, -0.0024271419, 0.015138074, 0.014831681, 0.0022421062, 0.011811761, 0.014677844, -0.0076641273, -0.0053172256, 0.014753921, -0.0028084258, -0.002466975, -0.0077397535, 0.010327949, -0.00016937914, -0.00061249494, 0.012248741, -0.00034050865, -0.008058666, 0.0023488384, 3.8668401, 1.1034542, 4.88921, -0.037039246, 4.872213, -1.1088401, 0.7918307, 5.774151, 5.6936054, 4.609241, 0.19001071, -0.26196954, 6.034258, -1.9254253, -3.2210872, 1.9624677, 3.8413725, -0.10788304, -2.1382632, 3.8430452, -0.073318765, -1.0552706, -2.1215014, 0.051588662, -0.9751877, 2.8722618, 3.7790017, 3.9003627, 2.992276, -0.0039117294, -3.140721, 4.900905, 5.834315, 4.0498457, -0.9630267, 405.87933, 1.1494844, 6.082203, 2.7242346, 2.6453443, -1.0289457, 3.732787, -0.30109286, -2.1799061, 5.968172, 3.7988272
-0.0024630541, -0.004866239, 0.0098953135, 0.004779959, 0.00992671, 0.002278333, -0.007643228, 0.0070951423, -5.983389e-05, 0.0050764303, 0.012358625, 0.014652707, 0.004761881, 0.0047416114, 0.009925526, 0.0067870347, 0.0043851766, 0.0074616354, -0.0075292704, -0.0026788127, 0.007272202, -0.0049152924, 0.0018418018, -0.005465456, 3.9106927, 0.9349567, 1.9807738, 1.9053311, -2.075888, 1.8354769, -0.11266577, 0.9252109, 1.8246047, 2.8357742, 4.96931, 0.8733061, 4.0104165, 0.9859125, 0.78221816, 2.9199598, -2.2010176, 4.799746, 2.9356585, 3.8367238, 0.8827928, 2.8691459, 3.906437, 1.0186236, 1.9446601, 5.956116, 2.079009, -3.124818, -0.95469826, -0.10943626, 5.0012197, 4.868024, 3.8927093, 3.8245888, 1.7687247, 5.8145003, 401.05322, -1.8828764, 4.772542, 1.7403117, -0.12302918, 0.6918977, 4.8425603, 0.9176211, 0.7970667, -1.0436003
0.0073891627, 0.014598716, 0.002337618, -0.00010616129, 0.009873244, 0.012198683, 0.0023254699, 0.009697397, -0.0004060135, 0.012237134, 0.012168663, 0.009483004, -0.0077273916, -0.005233119, -0.005318648, -0.0024367329, 0.0070939716, 0.004545076, -0.0054259854, -0.0053180745, 0.004726404, -0.002589584, 0.004060207, -0.0034014443, -1.1510375, 4.896696, 1.8763552, 0.017423807, 1.7959167, 0.88794357, 3.89209, 3.8439488, -0.113201715, 0.8640628, 5.8805647, -2.095265, 0.06804149, 5.83081, -1.1937826, -1.091811, -1.1419246, 5.9249377, 4.9320407, -0.23342241, 0.8459151, 0.10330205, -0.21868858, 5.8671107, 3.8441231, 1.9385111, 2.7225153, -2.0435545, 5.08814, 3.8053617, 3.9180403, 5.9873323, 0.8339384, -0.038782254, 4.944554, 5.043675, 4.9719214, 409.93356, -1.2447342, -0.17328356, 2.98212, -3.1793544, 2.8137312, 1.0524864, 6.076398, 5.915337
-0.0073891627, -0.0023728937, 0.014846272, 0.009566448, -0.00010427143, -0.0026604559, 0.0074657635, 0.014649518, -0.005166291, 0.0024163031, 0.004666607, -0.004995536, 0.009774291, 0.012504305, -0.0073410487, -0.0050279596, 0.009323394, 0.007492564, -0.0048657665, 0.0045641526, -0.0003921982, 0.0046902723, 0.0070510935, 9.226146e-05, 6.0563583, 0.9020858, -1.257466, 3.939233, 4.7930546, -1.280651, 1.8650172, -0.15969737, 3.8861778, 0.9098865, 4.936133, 5.734787, -1.9884638, 1.0882854, 4.8760056, -3.1152592, 5.8456717, -0.048450407, 3.998163, -2.130209, 4.851142, 1.9697002, 5.050754, 4.081811, 5.091925, 2.895933, 0.9067334, -1.0573469, 2.9612184, 0.00729253, -0.10649191, 4.9038935, 4.7474737, 1.9781573, 1.7300136, -3.126328, 4.9857593, 2.9244184, 402.70593, 1.6998373, 4.8909717, 0.9375303, 5.939068, -0.22851042, -0.19514081, -2.9666169
0.0123152705, -0.0074559455, 0.014725421, -0.0050040563, 0.0025924467, 0.014647167, 0.014764977, 0.0047669346, -0.005150581, -0.004948456, 0.012221514, -0.007812578, 0.0021466836, -0.007376134, 4.211225e-05, -0.007011263, -0.0026786667, -0.0027993917, 0.0075567113, 0.01456862, 0.0024734077, -0.005383098, -0.0004344131, -0.00031234455, 1.7293826, 4.936986, 1.7682528, 4.9425488, -1.2530907, 4.811587, -1.0406351, 1.925915, 1.886749, 2.888408, -1.9707994, -1.9898292, 3.953314, 4.0239787, -3.0810874, 5.2319803, 5.9811487, 3.9199455, -2.120294, -1.1211654, -0.9084141, -1.9741468, -2.9442835, 3.8794749, 2.7771654, 1.9034343, 4.849975, 4.806958, 5.069344, 3.8340888, -0.042545926, -2.9608276, -1.1986601, 2.970866, 6.0655713, 4.138059, 0.9580113, -0.17281659, 3.7268095, 408.8743, -3.1652966, 1.9784154, 5.9740787, 2.946876, 1.8025049, -1.9758794
0, 0.0122258235, -0.0074496176, 0.0024707024, -0.0025728685, 0.0024941892, 5.629069e-05, -0.007368989, -4.316456e-05, 0.00484016, 0.01494415, 0.012594448, -1.20938475e-05, -0.0029903196, -0.000447693, -0.002474459, 0.0073083844, 0.009638057, 0.0021814106, -0.0077695902, 0.009738787, 3.5429686e-05, 0.011921428, 0.009233975, 1.9038817, 3.8618455, 2.835728, 5.9790754, -2.0475297, -2.1742952, -2.184929, 1.8532889, 2.92348, -1.0798568, 3.9152925, 0.9973434, 5.9664145, 2.97582, -3.1435142, 0.8231605, 3.811821, 2.9529092, -1.036345, 1.9116524, 4.7815204, -1.0328039, 5.7716184, 3.9712796, -2.0583081, 1.0166696, -2.1581955, -0.05160105, -0.07054086, 0.9160267, 1.9705962, -3.1916447, -1.9375976, 0.9240532, 0.91740143, -3.008203, -1.0670024, 2.8710601, 4.974615, -3.0659199, 408.9171, -2.1453571, -3.0342855, 5.919033, 4.005824, 0.93714404
0.009852217, -0.0049866904, 0.014731592, 0.009671975, -0.007462656, 0.009685164, 0.002519529, -0.00031832643, 0.01244921, 0.004786989, -0.0053074886, -0.0077381376, 0.012248522, -0.007426249, -0.004958272, -0.004787672, 0.001940679, -0.0028177125, 1.0216311e-05, -0.002186629, 0.0148064755, -0.0079673715, -0.004859522, 0.002441002, -1.0282872, -2.9991283, 5.8605433, 5.8271437, 1.7792375, 3.8634934, -3.0957913, 1.8059835, 0.8058068, 3.9121644, 1.1902932, 2.9961865, -3.0383089, 1.7792401, 2.9104326, 0.06002565, -2.9530432, 3.7382662, 5.788409, 2.9711194, 6.1020603, -0.109730005, -2.09777, 1.9166952, -2.996026, 5.036099, -3.0970995, 5.950218, 2.9778647, 5.9864535, 1.0895216, 2.0840309, 3.753341, 5.0348606, 5.8978057, 0.9489551, -1.9905382, 6.1590767, 4.0356917, -3.0983343, 2.959006, 407.851, 4.864195, -0.1776926, 6.0059834, 0.8645116
-0.0049261083, -0.0048421486, 0.0025233463, 0.009778679, 0.0049324967, -0.005027666, 0.014973112, 0.0048484155, -0.005245078, -0.00021935513, 0.012320147, 0.014897206, -0.0050549065, 0.012114849, 0.009721456, 0.014322937, 0.0047849366, 0.010259068, 0.0048002233, -0.003113786, -0.0072769797, 0.0048717097, 0.006796808, -8.4251245e-05, 2.9917865, 5.7928653, 0.88448244, 2.9742763, -3.0759718, 2.9593854, 1.7561519, 0.030556824, -2.1397161, -2.2601988, -3.160593, 5.7413697, -0.105887994, 1.0495737, 1.7198668, 3.8798308, 5.8988748, -0.12222682, -3.043999, 1.7930074, 0.7764504, -3.0903122, 6.003122, -1.8915547, 3.8925996, 4.85306, -1.059864, -1.1160258, 2.9824946, -3.1442466, 2.782341, 4.7129784, 1.9405332, 4.8656087, 4.8398023, 0.8639007, 3.9689684, 2.784624, -2.2605839, 0.73287725, 0.90967727, -1.2292123, 406.94186, -3.2751067, -2.2166853, -2.1442447
0.014778325, 0.007190952, -0.0026075984, -0.00729542, -0.007401064, 0.0075152474, -0.004910477, 0.007541008, -0.002377393, -0.007280628, 0.012299042, 0.012381334, 0.014575863, 0.014270295, 0.007313135, -0.0002884631, -0.002706806, 0.0047372035, 0.0096177645, 0.011857215, 0.0018105266, -0.002494536, 0.014212736, 0.009596445, 0.7730232, 5.843944, 1.6927288, -2.1823573, 2.8472283, 4.7278476, 5.6663537, 3.703456, 5.6805973, 5.02156, -0.35340026, -1.8885543, 0.8551588, 3.0658717, 4.881974, 0.92300844, 3.7738872, -0.9484845, 6.036045, 5.7110705, 3.9178007, -0.2841669, 0.9026247, -2.1895409, 3.7707524, 3.8866625, -1.0954771, 5.9572334, -0.15909891, 1.8955568, -3.293466, -2.236853, 4.037498, -0.14231415, 5.915785, -2.023936, -1.1873637, -2.0184343, -2.1378133, 2.7777796, -2.5000534, 1.8049574, -0.0027704008, 407.9253, 0.43902034, 4.8568463
0.0049261083, 0.0146228075, 0.012209106, 0.00954016, -0.0026514754, -0.0074595935, 0.00020955023, 0.0022327234, -0.000118140226, 0.007231999, 0.0045501445, -0.004894355, 0.012327045, -0.00030686022, 0.012190903, 0.012265418, 0.009138738, -0.00035341186, -0.0052464115, -0.0047340104, 0.00955255, 0.011996869, -0.0031846764, 0.0071381107, -2.0500774, 5.896074, -0.17724577, 5.734974, -2.2604542, 3.7191277, 3.5958657, 5.902163, 1.8272649, -2.0407403, -0.058920182, 0.6341686, 3.9850044, 2.8145213, 4.8228335, 0.89654255, -2.1883833, 1.6769955, -2.1361947, -3.30111, 1.9174223, -0.1972568, 3.7836275, 0.015588579, 3.930563, 5.0799294, 0.83535755, -1.0252361, 5.0365415, 3.788022, 5.773353, 5.6553483, 5.89118, 3.0866506, 5.8377967, 3.8084838, 2.9216352, 5.8455944, -2.1235912, 4.6595063, 6.0001745, 0.8321181, -0.16888909, -1.3389955, 402.87823, -0.20117861
0.0024630541, -2.4090292e-05, -1.808473e-05, 0.012267888, 0.014878616, 0.009633537, 0.01477466, 0.012060747, 0.00683636, -0.007537692, -0.002848166, 0.0021361304, 0.009660409, -0.004896859, -0.0023559493, 0.0020968535, 0.009568205, 0.011922573, -0.00019984334, -0.005231622, 0.012214398, -0.0027191192, 0.0022833403, 0.009695447, 4.9084992, 5.7763286, 3.737377, 1.8843029, 3.6892266, -2.1697757, -3.1572993, 5.761974, 2.8269386, -3.3305368, 5.968038, -2.197317, 1.8716792, 5.9296317, 1.9648749, 6.021576, 4.8899364, 4.77068, 2.6888714, -2.1959014, -2.152653, 3.8933, -1.0268421, -1.0465041, -0.2786265, -2.118422, -1.1875138, 5.8781238, 3.9716144, 0.8060453, 4.89583, -3.2552266, -3.1813264, -0.9437405, 4.778225, -3.0840642, 5.794377, 2.9038794, -3.222232, -0.23166469, 3.8553252, 1.7084628, 1.7726872, 0.70071447, 0.08234961, 407.72406

