406, 4, 3, -2, -2, -2, -3, 2, -1, 3, 4, 4, 4, 6, -1, -1, 3, 2, 5, 0, -2, 0, 5, 4, 6, 2, 2, 1, 5, 3, 2, 5, 3, 1, 0, 1, 3, 3, 6, -3, -3, 2, 2, 1, -1, 5, 5, 5, 2, 2, 5, -2, 1, 0, 4, -1, -1, -2, -2, -3, -3, -2, 0, 3, 2, 3, 5, -1, 5, 6
0.0073891627, 408.97043, 1.9778326, 3.0147784, 3.0147784, 0.014778325, -0.9778325, -0.014778325, 4.007389, -0.022167489, 3.9704432, -2.0295568, -2.0295568, 3.955665, 5.007389, -2.992611, 0.9778325, 5.985222, 3.9630542, 0, 6.014778, 3, 5.963054, 2.9704432, 2, 0, 4, 2, 3, -1, 5, 0, 1, -3, 5, 3, -1, 6, -1, 6, 4, -3, -1, 6, 2, -2, 6, 2, 5, -2, 5, -1, -2, 5, 4, 4, 2, -2, -3, -3, 6, 6, 1, 2, -1, 2, 0, 2, -3, 2
0.014778325, 0.0023006229, 405.9511, 6.0226207, 1.0226208, 3.0295227, 1.0465846, 4.970477, 0.0055588344, -2.0442839, 3.9317522, 2.945556, -1.0544441, -0.09777045, -1.9967418, -1.9783368, 4.9534154, 0.9566736, -2.0830092, -2, -1.9842811, 5.9930983, 5.9123898, 1.9340528, 3, 3, 3, 3, 5, 6, 3, 1, 6, -3, 0, 3, 1, 6, 3, 3, -2, 5, -2, 4, -2, -1, -1, -1, -2, 0, 2, 4, -2, 6, -3, -2, 6, 1, 3, 4, -1, 0, 3, 4, 0, 4, 1, 5, 6, -2
-0.0073891627, -0.0048180586, 0.002541431, 407.98444, 1.9971482, 2.9775937, -2.0295384, 6.002075, 1.0119045, 2.027256, 6.0386944, -2.9877076, -0.97754204, 4.063642, 3.0218112, 1.98322, 5.01429, -2.9588158, 3.061334, 0.005082862, -0.9807559, 1.9992231, -2.9493496, -1.9610468, -1, 4, -1, 6, -1, -2, 3, -2, -3, 6, -3, 5, -1, 3, 6, 3, -2, 6, 2, 2, 2, 2, 5, -3, 1, -1, 1, -2, 1, -3, -2, 2, 5, 0, 4, -3, 1, 4, -1, -1, -2, 4, 4, 6, -2, 6
0.0073891627, 0.0072632227, 0.01469011, 0.012021068, 401.95383, 1.9343731, 4.0382924, 4.8401613, 5.966037, -1.0163455, -0.18874429, 4.977829, 2.0124254, -2.1204789, -3.0359738, 5.0343466, 4.837687, 2.9632642, -1.0719312, -2.9706807, -2.9879692, -0.13386174, 0.86834383, 3.9440308, 6, 2, 1, -3, 5, 5, -1, 3, -1, 2, 0, 4, 0, 1, -1, 0, 1, 4, 3, 5, 1, -2, -2, -3, 6, 1, -3, 3, 0, 4, -1, 6, 0, 1, 2, 3, 3, 4, 5, 3, -1, 3, 3, 1, -2, 6
0.0049261083, 0.0048421486, 0.012256759, 0.009611731, -0.005066442, 408.95383, 5.0466523, 1.8961295, 1.005954, -3.0142496, 0.853881, 4.007957, 2.0226386, -1.0973142, 4.9607267, -1.9498911, 2.896088, 4.992893, -1.0531449, 0.009413882, 1.999337, 4.8921237, -3.0932236, 4.9810386, 6, 4, 6, 5, 1, 0, 0, 0, 1, 2, 5, -3, 0, 4, 2, -3, -1, 4, 4, 5, -1, -2, 0, 6, 6, 4, 6, 2, 2, 1, 0, -3, 3, -2, -2, -1, 5, 0, 3, 0, 6, 3, 4, 0, -3, 0
-0.0024630541, -0.004866239, -0.0048847906, -0.0023550806, 0.00253622, 0.009810522, 400.92844, -1.9876084, 5.994448, 6.0342193, 1.0547024, 1.9553831, 1.9675759, -0.94073665, 1.9782995, -2.015658, -1.9925286, 1.9752584, -0.9583144, 5.9976845, -1.9996959, 5.0009274, 3.0914118, -2.0297334, -3, 2, 5, -3, 6, -3, 3, -1, 2, 6, -1, 5, 4, 0, 2, -1, 0, 0, 5, 2, 4, -1, -3, -2, 1, 4, 5, 4, -1, 2, 6, 3, 3, -1, -1, 0, 0, 6, 6, 3, -3, 2, -2, 6, -2, 2
0.0073891627, 0.0048180586, 0.0023852705, -0.0073878127, 0.0025191163, 0.0073959595, 0.009881791, 403.0112, 2.9138386, -0.036982857, 2.970286, 2.8896184, 2.9360428, -3.0103853, -3.0382397, 3.0628355, -2.0155656, -2.1316679, 4.9915047, 4.9529543, 5.995786, -2.0992424, 4.8885736, -2.0896869, -3, 1, -2, 3, 2, 0, 3, 5, 5, 2, 4, 2, -2, -2, -2, -1, 4, -1, -2, 5, 0, 0, -3, 3, 3, 1, 4, -3, -3, 3, 5, -1, 5, 0, 5, 0, 1, -3, 5, 3, 3, 0, 2, -3, 4, 2
0.0049261083, 0.009732478, 0.012232932, 0.0071248715, 0.012324233, -0.00506758, 0.002498595, -0.0053555635, 404.89084, 1.9779764, -1.1295431, 1.954855, -1.9838316, -1.0890112, 2.0004284, 3.9936366, 0.8286234, 1.9137053, -2.022531, -0.92737126, 6.0666375, 3.8859482, -0.1418979, -1.0877864, -2, -3, 6, 3, 2, -2, 3, 0, 5, 5, -2, -2, 4, 5, -3, 0, -3, 2, 4, 3, -1, 2, -2, 0, 6, 1, -2, 1, 5, 4, 6, 0, 4, 5, 2, 4, 2, -2, -1, 4, 6, 4, 4, 4, -3, 5
0.0073891627, 0.009708387, 0.0048247953, 0.0072464813, -8.432945e-05, 0.009728735, 0.0024756563, 0.012170311, -0.000243181, 409.98846, -1.1781905, 4.91948, 3.941724, -1.0625155, 3.930559, 0.019696403, 5.9100013, -0.08286619, 3.8637335, -1.0660821, -1.1131825, 2.8939798, 3.860992, 3.92855, -3, -2, -2, -3, 4, 1, 4, 5, 6, -1, -1, 2, -3, 4, 4, 3, 5, 6, 5, 6, 4, 1, 6, 1, -3, 1, 2, 1, -2, -2, 2, 0, 6, 4, -1, 6, -3, -2, 1, 3, -3, -1, 0, 1, 1, 6
0.0123152705, 0.014550536, 0.00722815, 0.0022972235, 0.009873732, 0.0072785183, 0.0049177506, -0.0077564796, 0.0021698044, 0.004807982, 400.87228, -3.1275766, 0.9539955, 3.8775945, 3.884282, 0.054996923, 2.7966099, -1.207438, -2.063727, 4.0597677, 3.0171876, -2.1890707, 5.834097, 5.8000913, 6, -3, 5, 3, -1, 6, 3, -1, -3, 6, -3, 2, -2, -3, 4, -1, 4, 0, -2, 0, -2, -2, 1, -2, 4, -2, 0, 1, 2, 2, 1, 4, -3, 1, 1, -3, 1, 5, 5, 6, 5, 2, 2, -1, 2, -3
0.0049261083, 0.0048421486, 0.012256759, 0.012062805, -0.0050786207, -0.005021216, -0.002302115, 0.007162139, -0.004935829, 0.0024136128, 0.0045445594, 405.03125, 0.99507546, 5.886152, -1.012759, 6.028356, -3.1146367, -0.93980026, 3.886165, 5.967292, -2.0168836, -3.0395224, 2.834056, 2.9799879, -1, 6, -3, -3, 0, -3, 4, 0, 1, 1, 5, -3, 3, 2, 5, 5, 0, -1, -3, 1, 4, 4, 3, 2, -3, 3, -2, 0, -2, 4, -2, 3, -2, 5, 5, 0, -2, -2, 2, -1, -1, 6, -2, 0, 6, -1
0.0073891627, 0.009708387, 0.007288146, 0.0072101178, -0.0025782639, 0.009722548, -0.007482603, 0.004677377, 0.0024647978, -0.0072063855, 0.002093449, -0.002463059, 407.02515, 0.9023259, -3.062736, 4.044123, 5.901939, 4.9202223, -1.0586334, -1.9706975, 2.8735085, -1.0795153, -3.0611432, -2.0758345, 1, -2, 6, 3, 5, 6, 4, 4, -1, -2, -1, 3, 3, -1, -1, -2, 6, 3, 3, -1, -1, 5, -1, 2, 1, 0, -3, -1, 2, -3, 1, 6, -2, -1, 6, 2, 4, -1, 1, 6, 5, 0, -3, 4, 6, 1
0.014778325, -0.0025897063, -0.0074866475, 0.00020209908, -0.0023768493, 0.0074733915, 0.012525753, 0.002552372, 0.0072837756, 0.004561368, -0.0025809626, 0.0021320502, -0.005202939, 404.9576, 2.914622, 3.014937, 5.0257993, -3.0449421, -3.0972676, 1.8892468, 3.006104, 3.9117813, -0.063097514, -2.0458183, 1, 1, 5, 0, 0, 3, 3, 5, 5, 1, 5, 2, 0, -1, 5, 6, 1, -3, -2, 4, 1, 3, -2, -3, -3, 3, -2, 0, 6, -3, 4, 4, 0, 0, 0, 5, 0, -3, 4, 6, 3, 6, 2, 3, 5, 3
-0.0049261083, -0.002396984, 4.8082533e-05, -0.0073603676, -0.002457932, 0.0073766476, 0.007334445, 0.010089654, -0.0075427615, -0.002389051, -0.004945023, 0.0072658886, 0.0047800667, -0.0022954259, 406.07385, 1.9874616, 2.119423, 2.9644337, 1.9720469, -0.12026809, 3.9953592, 5.0313272, 2.0007849, 1.0346562, -1, 4, -1, 6, -2, -3, 2, -2, 5, -2, 2, 2, 2, -1, 1, -2, 6, 4, 4, 6, 3, 6, -3, 2, 5, 1, -2, 2, -2, 0, 6, 2, 4, 5, -2, 2, -2, 1, 3, -1, 0, 2, -3, 1, 5, 4
0.0123152705, -0.002565616, -0.0050052125, 0.0050553638, 0.0050438317, 3.6733705e-05, -0.007409348, 0.014715862, -2.7376176e-05, -0.004895109, 0.009751993, -0.004995357, 0.0096339295, -0.0026151983, 0.012529435, 407.87317, -0.12875167, -3.044433, -0.11663373, -3.0130937, -3.1676264, -2.9259448, 4.9253416, -1.0472001, 0, -3, -1, 2, 3, 0, 5, -3, 3, 5, 3, 2, 0, 4, 1, -1, -3, 5, 3, 4, -2, 1, 5, -2, 5, -2, 2, 2, 0, 6, 5, 5, -3, -3, 0, 5, 6, 1, -3, 6, 5, 3, 6, 5, 0, 4
0.014778325, 0.009636117, -0.00015616069, 0.002454619, 0.014916548, 0.009765709, -0.0051146755, -0.0078018983, -0.0026469943, -0.007241691, 0.0022449575, 0.009715822, 0.007265796, 0.004430696, 0.0073540085, -0.0076233647, 408.79556, 5.7697315, 1.9359215, 1.0198106, 4.9683833, 0.9274368, 1.9803241, 3.7753701, -3, 6, 6, -2, 5, 5, -1, 4, -2, 0, 6, 1, -1, 0, 5, -1, 3, -2, 4, -1, 3, 5, 2, 4, 2, 0, -2, -2, 0, 2, 4, 4, 5, 2, 3, -3, 1, 4, 5, 4, 0, -2, -1, 1, 1, 0
0, 0.007335494, 0.012281015, 0.0046666516, 0.012329791, -0.0075193327, -2.0085701e-05, 0.012073103, -0.0052736225, 4.0666935e-05, 0.002148834, 0.014673928, -0.0074685453, 0.0071952585, 0.014918967, 0.0069496664, 0.012025651, 403.97757, 1.8263144, 3.8825834, 0.9219123, -0.07346524, 2.6391573, 2.8611925, 5, -2, 4, -1, 0, 0, -2, 0, 5, 4, -3, 4, 3, -3, -1, 0, 6, 1, 6, -2, 6, 2, 5, 4, 2, 6, 3, 5, -2, 0, -1, 0, 3, 1, -3, 3, -1, -2, 3, 6, 4, 4, 5, 6, -2, -1
0.0073891627, 0.0072632227, 0.009763409, 0.0022894992, 0.004921771, 0.0023688613, -0.0050087045, -0.0052485163, 0.0147928335, 1.5179684e-05, 0.0072988267, -0.0050661084, 0.014828692, -0.0051477673, 0.014721548, 0.009628175, -0.008024762, 0.011957491, 407.0069, -0.8640286, -2.1244407, 2.85984, -2.1606934, -2.1178896, 6, 2, 2, -1, 3, 4, 5, 6, 4, -3, 3, -1, 1, 0, 1, -1, 3, 2, 0, 2, -2, 0, 0, 4, 6, -1, -1, 0, -1, 5, -2, 5, 3, 4, 1, -1, 4, 5, 0, 2, 1, -3, -3, 4, 5, 6
0.0049261083, -0.00493851, -1.2343308e-05, 0.0123161925, -0.0049753077, -0.0049323076, 0.0026936021, 0.0023696632, 0.0025286989, 0.0071197785, 0.0048150397, 3.608842e-05, -0.0025493428, 0.0022900417, 0.009696402, 0.0047875457, 0.0022087507, -0.0022539333, 0.01206493, 406.97064, 5.009517, 0.9022478, 3.9320464, 0.038532984, 0, -1, 2, -2, 4, -1, 2, -3, 2, 3, 3, -3, 0, -2, -1, -1, 1, -2, 4, 5, 3, 5, 6, 1, 4, 3, -3, 5, -2, 4, 5, 3, 6, 6, -3, -1, 2, 5, 4, 2, 5, -1, 1, 4, 5, 0
-0.0024630541, 0.012249914, 0.0048852204, 0.014531734, -0.005164461, 0.007205736, -0.0074490597, 0.0022087048, -0.0024809288, 0.012328631, 0.014618488, 0.005082747, 0.014705576, -0.0029265515, -0.00041741104, -0.0049973526, 0.0017719647, 0.004681967, 0.0021274176, -0.0050361296, 403.85135, 1.94424, 2.9234183, 1.8197708, 3, 0, -1, -1, 4, 6, 4, 5, 6, 4, -2, 1, -1, -2, 2, 1, 3, 4, 2, 2, 3, 1, 5, -2, -3, -2, 2, 5, -2, 5, -3, 4, 1, 0, 4, 5, -3, -3, 2, 3, -3, 5, 6, 4, -2, 1
0.0073891627, 0.014598716, -0.00012573264, 0.00483235, -0.0025842667, -0.0024316837, -0.0073103085, -0.000100128076, 0.00742416, 0.002408775, -0.0027325077, 0.012387106, -0.0023954923, -0.0053995023, -0.0050605335, 0.0072740484, 0.0049499026, 0.009764293, -0.0054190955, 0.012192987, -0.0052850167, 405.0673, -1.2317525, 0.8694838, 5, 4, 4, 1, 2, 5, 6, -3, -3, 0, 3, 6, 3, -2, 1, -2, -2, 5, -2, 3, 3, -1, -1, 1, -2, 4, 5, 0, 1, 5, 3, 4, -3, -2, 5, 4, -2, 5, 4, 4, -1, -3, 5, 5, -1, -2
0.014778325, -0.0074800355, 0.0073172837, 0.0049218494, -0.0048891315, 0.009786683, -0.0024700032, -0.0076806326, 0.0076471055, 0.0024012995, -0.00513954, 0.009599647, -0.007476827, 0.009575347, 0.014589148, 0.007216825, 0.009458805, 0.002364929, 0.0022761838, 0.012285642, -0.002616391, 0.004391332, 407.87396, -0.13249028, -3, 4, 3, 1, 3, 5, 2, 3, 5, -3, 5, -2, 3, -1, 0, 2, -2, 2, -2, 5, 6, -2, -2, -3, 1, 0, 5, 2, 5, -1, 6, -3, 1, 5, 6, 4, 1, 2, -3, -2, 6, -2, -1, 0, 5, 3
-0.0073891627, 0.014743259, 0.0024461264, 0.004720871, 0.004798671, -0.000111861176, 0.0049396753, 0.0023853104, 0.0021330703, 0.002411108, 0.014784885, 0.014953408, 0.0073859403, -0.0053293887, 0.0022265126, -0.0051664775, 0.012061631, -0.007912904, 0.014525143, -0.00031138738, 0.009510385, 0.009644571, 0.002050521, 405.82867, -1, 6, 1, 4, 0, 4, 5, 6, 4, 0, 3, -3, 0, 3, -3, 5, 0, 2, 1, 6, -1, 4, 0, -2, 1, -1, 2, 0, 4, 2, 1, 6, -3, -3, -2, 3, 6, 2, -3, -3, 4, 3, -1, 2, 3, 5
0.0073891627, 0.014598716, 0.014654371, 0.009516316, 0.0048184018, 0.014506552, 0.0023638918, 0.009452221, 0.014458522, 0.012183105, -0.003028307, -0.0030278983, -0.00014753769, 0.002409838, 0.0044964976, 0.007320587, 0.01393586, 0.014219125, 0.0069191772, -1.5929912e-05, -0.0030740486, 0.0040568816, -0.00072478334, -0.00055169436, 1, -1, 2, 0, 6, 1, 4, -2, -3, 0, -3, 5, 2, -3, 1, -3, -3, 2, 5, 1, 6, 410, 5, 4, -3, 2, 3, 6, -3, 0, -2, -1, 0, 2, -3, -1, -1, 0, 6, 1, 5, -3, 3, 1, -3, 6
0.0073891627, 0.012153552, 0.0072762333, 0.014545447, -0.007608715, 0.0072476715, -0.0023692339, 0.007146967, 0.014758067, -0.0025294074, 0.014451184, 0.005033519, 0.009880922, 0.011801491, -0.0004686217, -0.0027203474, 0.0018186884, -0.00020176725, -0.0026009383, 0.0070730126, 0.0040592826, 0.01438896, -0.0004416991, 0.014514167, 1, 0, -2, -2, 1, 0, 0, -3, 0, 0, 6, 2, 3, -2, 0, 2, 5, 0, 6, -2, 404, 1, 2, 5, 4, 2, -2, 5, 1, 6, 0, 1, 1, 1, -3, 2, 1, -1, -3, -2, 3, -1, -2, 1, 2, -3
0, 0.004890329, 0.0024395247, 0.002378925, 0.014872382, 0.009675139, 0.004734438, -0.0077100876, -0.0077215745, -0.002363552, 0.004883283, -0.0025873221, 0.014668774, -0.005020868, 0.0049258736, 0.012219809, -0.0053973785, -0.0003921118, 0.0148991905, 0.0052593183, 0.0076940763, 0.0047141076, 0.014640471, -0.007597021, -2, -2, -2, -2, -2, 5, 2, 2, -1, 5, 3, -1, 5, 2, 6, 6, 3, -3, -2, 401, 2, 4, 5, 3, 6, 3, -2, 3, -3, -2, 4, 1, 0, 2, -1, 5, -1, 6, 0, -3, 5, -2, 6, 4, -3, 4
0, 0.0024451646, 0.014768192, 0.004666073, 0.007384449, -0.0050689215, 0.0099573005, 0.01213933, -0.005306665, -0.0025272118, -0.0053527257, 0.012123699, 0.0048098536, 0.012261548, 0.00024750413, -0.0028081036, 0.0046612276, -3.2060634e-05, -0.0026228735, 0.0020748612, 0.012303591, 0.0145025775, 0.0019449099, 0.0024347464, 1, 6, -1, -2, 2, 0, -2, 0, -1, 1, 6, -3, -1, -2, 0, 4, -1, 2, 401, 1, 2, 0, 2, 6, 4, -3, 1, 1, 5, 4, -3, 1, -1, -1, 4, 6, -1, 2, 1, 0, -3, -3, 1, 0, -2, 0
0.0073891627, -0.007407765, 0.004908187, 0.012273877, 0.0074823997, 0.009656341, 0.0023838396, -0.007847772, 0.0048873685, -6.051605e-05, -0.0076686484, 0.0071264855, 0.0048314044, 0.012172479, 0.007314514, -0.00037325738, 0.0018559322, -0.0026308354, 0.0025082263, 0.012399679, -0.0024778624, -0.00053339143, -0.0022959937, 0.0122801745, -1, 0, 5, 4, 4, 6, 2, 5, -1, 1, 2, 5, -2, 6, -2, 0, 6, 410, 1, -1, -1, 3, -2, -2, 2, 0, 0, -3, -3, 4, -2, 2, -1, -2, 2, 0, 0, -1, 0, 5, 5, 2, -2, 1, 5, -2
0.009852217, -0.002541526, 0.002402925, 0.014738048, 0.0024765912, -8.8548615e-05, 0.002606235, 0.009610692, -0.0075408057, -0.0050069313, -0.0004313922, -0.0074424604, -0.0075012133, 0.0023867677, 0.014809658, -0.0073313033, 0.009573916, 0.0024121956, -0.005266831, -0.00019803004, 0.014628755, 0.014458321, -0.00023942605, -0.00020332918, -3, -2, 4, 5, -2, 1, -1, -2, 6, 1, -3, 6, -2, 5, 3, 3, 408, 6, -1, -1, -3, 0, 1, 2, -1, -1, -1, 1, 0, -1, 1, -1, -2, -1, 1, 0, -2, 2, -3, 6, -1, -1, -3, 1, 4, 6
0.0049261083, -0.0024933452, -0.007414309, 0.012407391, 4.272278e-07, -1.12338275e-05, 0.01258413, 0.012350838, 0.009609972, 0.002074049, 0.014737294, 0.014791436, 0.0071264794, 0.00701357, -0.005147968, -0.0005453411, -0.00017041099, 0.00511106, 0.012031561, 0.0017218586, 0.012116257, 0.00486243, 0.01188773, 0.009785308, -2, 6, 4, 5, 3, 4, -2, 2, 1, 5, 0, -3, 4, 1, 3, 402, 4, 4, 6, 1, 3, -2, 6, 0, 6, 6, 3, -3, 0, -1, 2, 6, 1, 1, 5, -2, -2, 0, 4, -2, 1, -2, 1, 1, -3, 1
0.014778325, 0.01208128, -0.005094775, 0.01231375, -6.530126e-05, -0.002425032, -0.0047415597, 0.00972064, 0.01471226, -0.00752936, 0.004551386, 0.0025453474, 2.4291936e-05, -0.0054070465, -0.007489913, 0.012086089, 0.004884583, 0.012315467, 0.011793637, 0.0072363727, -0.007856633, 0.00018165157, 0.006891414, -0.0050043412, 1, 4, 3, 5, 5, 2, 5, 4, 5, 0, 6, -1, -1, 3, 408, 5, 6, 5, -1, 6, -2, -1, 5, 3, 0, -2, -2, 2, -3, -1, 6, 5, 3, -3, 1, 4, -2, 5, -1, -1, 2, -3, 2, -1, -2, 5
0.009852217, 0.012129462, 0.0047947974, -0.00011211324, 0.007409949, 0.0048685186, 0.0024485122, 0.012200865, 0.0070685646, -6.1849685e-05, 0.014619588, 0.00964498, 0.0071628937, 0.011955885, 0.0071804035, 0.0069363574, 0.009251308, -0.007825964, 0.01204497, 0.009560082, 0.006706432, 0.007010043, 0.004005416, 0.009413958, -3, -2, -1, 1, 5, -2, 6, 0, 2, -1, 1, -3, 5, 403, 5, 2, 4, 5, 5, 3, 4, -3, 0, -1, -1, 6, -3, -1, 0, 4, 3, 4, -3, 1, 5, 4, -1, 5, -2, 0, 5, -2, 2, 5, 1, 4
-0.0024630541, 0.009804749, 0.004897134, 0.004745331, 0.0023660173, 0.002350844, 0.0024575088, -0.00014584401, 0.004748513, -0.0048946226, -0.00020233265, -0.007362186, 0.014893094, -6.641014e-06, 0.0098080635, -0.0025227165, -0.00530889, 0.014445373, 0.0147760175, -0.0072935596, 0.012136071, 0.009348938, 0.012323082, -0.007363873, 3, 6, -2, 0, 4, 3, 3, -1, 0, -1, 3, 6, 407, 3, -2, 1, -1, 0, 1, 5, -1, 5, -1, 6, 2, 2, 0, 1, 4, -2, 0, 2, 4, 5, 5, -3, -3, 5, 5, 0, 1, -2, 1, 4, 5, 6
0.0073891627, 0.0023728937, 0.012250586, -0.00016215339, 0.012427847, -0.0001123047, 0.0048929355, 0.012096747, 0.009531867, -0.0025180744, -0.0077755814, -0.00789522, 0.014648235, 0.00021358846, -0.0070354277, 0.009594109, 0.0020125837, 0.009580847, -0.004937047, 0.012457914, 0.009583261, 0.009661811, -0.0054525505, 0.0024411425, 0, -1, 0, 0, 4, -1, -3, -3, 0, 5, 5, 405, 6, 3, 4, -3, 5, 3, 6, 4, -2, -1, 4, -1, -3, -2, -1, 5, 6, 5, -3, 4, 1, 1, 5, 4, 3, -2, 6, 5, 6, 0, 6, -1, -3, -3
0.0073891627, -7.227088e-05, 0.01472585, 0.009623671, 0.007415572, -0.00017809533, 0.009969783, -0.0004006706, -0.0076682395, -0.004999121, -0.0029126669, -0.00016884934, 0.009752881, -0.0026377807, -0.0022305779, 0.009820964, 0.01185338, 0.0046564373, 0.009726044, 0.004977698, 0.01262988, 0.014502669, 0.0069556725, -0.007550266, -2, -3, 5, 6, 3, 1, -1, 4, 3, 3, 405, 3, -3, 4, 5, 6, 5, 2, 4, 1, -2, -1, -2, -1, -1, -2, 1, 2, -2, 0, -2, 1, 1, 6, 1, -1, 0, -3, -3, 3, -3, 0, 3, 2, -2, 1
0.0024630541, -0.0049144193, -0.00492096, 0.0025721057, 0.0025367031, 1.7951364e-05, 0.004994955, -0.0074398965, 0.007399936, -0.0050371964, -0.0049063163, -0.002477944, 0.012348267, 0.004955095, 0.0049979105, -0.0075906357, -0.007554345, 0.01470536, 0.0050934674, -0.0049426593, 0.0025104645, 0.01458026, 0.015228499, -0.0047499607, -1, -3, -1, 3, 2, 6, 5, 6, 4, 401, 6, 5, 4, 1, -3, 3, -3, 6, 5, 4, 6, -2, 2, 0, 2, 4, 2, 5, -1, -2, -3, 4, -3, -2, 3, 5, 6, 1, 3, 2, -3, -3, 6, 1, -2, -2
0.009852217, 0.004793968, 0.0048305364, -0.0025095094, 0.0074767885, -0.0073406603, -0.0049112304, 0.009774882, -0.0050460794, -0.002412355, -0.00021702271, 0.002328729, -0.0025769568, 0.009745711, 0.0051421295, -0.00018649944, -0.0026149463, 9.308251e-05, -0.0075967386, 0.009742808, -0.002711904, -0.0073316507, -0.0030398676, 0.009760398, 0, -2, 2, 4, 3, 0, 3, 3, 409, 5, 1, -3, 1, 0, -2, -3, -1, 6, 5, -1, -1, 2, 5, -3, 4, -2, 4, 6, 4, -3, 3, -1, -3, 3, 2, -2, -2, -3, -3, 5, 6, 3, -2, 5, 5, 2
0, 0.014670988, 0.009781925, 0.0071004117, 0.00978119, -0.0050614853, -0.0024828296, 0.0071122055, -0.0077184644, -0.0048022713, -0.002909412, -0.007387847, 0.01482791, -0.002528139, 0.010088939, -8.214234e-05, 0.0019619276, 0.009460867, 0.009582899, -0.007183745, -0.007607937, -0.00019924984, 0.009677701, -0.002430278, 5, -1, 6, 0, 4, 6, 1, 402, 5, 6, -2, 3, 0, 3, -1, 0, -1, -2, 1, 2, -2, 3, -2, 0, 1, 5, 0, 3, 3, -3, 2, -2, -3, 1, 1, -2, 4, 4, 2, 4, 0, -3, 1, 3, 3, 1
0.009852217, -0.007431855, -0.0049633016, 0.000176482, 0.00011651324, 0.014754965, 0.0073651765, 0.014862848, -0.00015686324, -0.0074129296, -0.005150906, 0.009540627, -0.0052169557, -0.0024751541, 0.005035351, 0.014556105, 0.0051987856, 0.0074091344, 0.00946777, 0.009438994, 0.007347419, -0.002516061, 0.0020537334, 0.014678986, 6, 2, -3, 2, 1, -2, 409, -1, -2, -3, 6, 5, -1, -1, 0, 2, -1, 3, 4, -2, 3, 5, 4, 2, -1, 4, -1, 0, 6, 3, 1, 1, 1, -2, -1, 5, -1, -3, 5, -3, -3, -3, 2, 5, -1, 5
-0.0049261083, 0.0073836744, 0.012317183, 0.009543761, 0.012280595, -0.007578971, -3.0988256e-05, 0.0021000055, 0.0021837568, 1.5502463e-05, 0.007207776, 0.004958527, 8.348141e-05, 0.0072401958, 0.012280836, 0.011900583, -0.0029417865, 0.0075145774, -0.0049677403, 0.012255101, 0.0022189396, 0.0046843328, 0.0065698633, 0.0071906024, -3, 6, 6, -2, -1, 403, 5, -2, 4, 4, -1, 2, 5, -2, -1, -3, 4, -3, 6, -2, 1, 4, -2, 1, 6, -1, 0, 3, 1, 3, 4, -1, -1, 0, 3, -3, 1, 2, 4, 3, 4, 4, -1, 1, -2, 0
-0.0073891627, -0.0072632227, 0.002553344, -2.0243764e-05, 0.0074748592, 0.0048005288, 0.0022787226, 0.007348056, 0.0023147687, 0.0073935674, -0.007401643, -0.0028120065, -0.000117963216, -0.0045078415, -0.0023251316, -0.005010281, -4.8992195e-05, -0.007465337, 6.165947e-05, -0.0023194323, 0.00010950676, -0.00012670275, 0.012530065, 0.0025837275, -1, 5, -2, 1, 403, 2, -2, 0, 6, -2, -2, 0, -1, 4, 3, 0, -2, 2, -1, 4, -1, 1, 3, 3, -3, 5, 5, 6, 6, 3, 2, -2, -1, -1, 0, -3, -3, 1, 3, 5, -3, 0, 6, -3, -3, -3
0.0073891627, 0.014598716, 0.0072643193, -0.005081036, -0.0025538125, -0.0073049213, -0.0048245364, -0.0024901303, 0.012380495, -0.0024800096, 0.0073437453, -0.0023872722, 0.0075405403, 0.0021815333, 0.014690394, 0.0023790852, 0.0070011984, 0.006930309, 0.004796359, 0.0025342023, -0.0031676134, 0.007065084, 0.006787259, 0.009595143, -1, -1, -2, 407, 1, 0, 5, 3, 3, 2, 2, 5, 5, 1, -2, -2, 3, 0, 6, -2, 2, 1, 1, 5, 3, 5, 5, 0, 1, 0, 0, 6, -1, -2, 5, 4, 1, 5, -1, 4, 1, 3, 1, 2, 2, 3
0.0123152705, 0.0047698775, 0.014665854, -0.0050935186, 0.014940586, -0.0049726996, -0.0075308094, -0.0028404642, 0.002389679, 0.007425267, 0.00982804, 0.011999154, -0.0075469296, -0.007782234, 0.002583228, 0.012113073, -0.0076408857, -0.0049185334, 0.01454815, -0.004649594, -0.006847214, 0.0049882666, -0.008058978, -0.0005349602, 2, 1, 407, -3, 1, -3, 3, -2, -1, -1, 5, -1, 2, 6, -2, -2, 3, -2, 6, 4, 4, 3, 0, -1, 6, 5, -1, 2, 6, 6, 2, -3, 3, -1, 0, 4, 0, 6, -1, 1, 6, -1, 2, 2, 4, -1
0.0073891627, 0.014598716, -0.0075157853, 0.009843589, -0.0025903648, 0.009812923, 6.291565e-05, -0.005067431, 0.007307992, 0.009646028, 0.0147386715, 0.012404132, 0.014623079, -0.0056250077, 0.009312179, 0.012010746, -0.005421831, 0.0070532374, -0.005329753, 0.0096698655, 0.00942974, -0.00010930276, 0.011598698, 0.014179112, 6, 409, 4, -1, 5, -1, 5, -2, 1, -1, -3, -3, -3, 2, 6, 4, 4, 3, 6, -2, 2, -3, 6, -2, -2, 1, -1, 3, 1, -2, -3, -1, 1, 5, 0, -2, 0, -2, 4, 3, -2, 6, 0, 4, -3, 4
0.0024630541, -0.002469255, -0.004932873, 0.012358509, 0.007445465, 0.012149797, 0.0098367585, 0.009691681, 0.014463237, 0.0022293334, 0.0147566935, -0.002689906, 0.007157179, -0.002513573, -0.005241758, -0.00518836, 0.011818733, 0.0020944783, 0.0023968956, 0.0045739985, 0.014261292, 0.012012032, -0.007537901, 0.009456186, 407, 2, 0, 1, -3, 6, 1, -1, -1, -3, -3, 0, 0, 0, 3, 4, 2, 3, 4, 3, 6, 3, -1, -3, 1, 6, 0, 0, -1, 2, 1, 2, 2, -2, -2, 2, 4, 2, -2, 0, 2, 3, -3, 6, -3, 0
0, 0.009780658, 0.0073424, 0.0022704124, -0.005079014, 0.009733803, 0.009921658, -0.0025411972, -0.0026503277, 0.0048296014, 0.007256919, -0.0049790307, 0.0024126794, 0.0048292307, -0.0004576222, -0.004588872, -0.0076971753, 0.014671051, 0.00740251, 0.0021980628, 0.009763986, 0.0018629191, 0.009470613, 0.007130011, 6, 4, 4, 4, 5, 6, 5, -1, -2, 3, 0, 4, -1, -3, 0, 0, 6, -3, 1, -1, 4, 5, 404, 2, 5, -3, -1, 5, 3, 5, 3, -3, 1, 0, 2, 4, 4, 2, -3, 5, -3, -2, 0, 4, 5, 1
0.014778325, 0.009636117, 0.004770541, -6.918221e-05, -0.0049862303, 6.0674352e-05, 0.0076533705, -3.3447854e-05, -0.0075079175, 0.0022672678, 0.009652734, 0.0123190675, 0.012075566, 0.014184074, 0.00965911, 0.002300442, 0.0019656578, 0.014594564, -0.0028110906, 0.0019061366, 0.012078431, 0.0021781283, -0.0057890187, -0.0005060981, 5, 2, 4, 5, 3, 2, 0, -1, 1, -2, 5, -3, -1, 4, 2, -3, 0, 5, 4, 2, 5, 1, 1, 402, -1, -3, -1, 2, 2, 3, 0, 4, 6, 4, 0, 6, 4, -3, -2, 3, 1, 6, -3, -1, -1, -1
0.0123152705, -0.002565616, -0.0025418613, 0.007470074, -0.004925825, 0.012274379, 0.0025196655, -0.0026085977, 0.012409739, 0.009597348, -0.005126782, -0.0077382536, 0.004759709, 0.012317434, -0.00040149048, -0.004932442, 0.014095538, -0.0053454684, -0.004970678, 0.014841246, 0.0067952927, 0.0067573, -0.0024504217, 0.0047488296, 6, 1, -1, 6, 2, 4, 0, -2, 5, 3, 1, 0, -2, -1, 2, 4, 4, 0, -3, 3, 4, 4, 4, -2, 410, 5, -1, 3, 5, 0, -1, 0, 4, 6, 2, 0, 4, 3, 3, 5, 4, 1, 5, 5, 2, 5
0.0024630541, -0.007359584, 0.012334408, 0.002335452, 0.0050001666, 0.012106602, 0.004765772, -0.0027742283, 0.004858173, -0.0048390804, -0.00012379063, 0.004654119, 0.0024050542, 0.004931707, -0.0049211713, 0.012147344, -0.002729771, 0.0024968504, 0.0125594055, -0.0048357206, 0.015268809, 0.007034276, -0.007426172, -0.007501478, 0, 1, -3, -2, -3, 1, 2, 0, 1, 6, 3, 3, 3, 1, 2, 4, 5, -3, -3, 4, -1, -3, 2, 3, -1, 407, -2, -1, 3, 2, 2, 3, 2, 1, 2, 4, 0, -2, 2, 6, 3, 3, -1, 6, -2, 5
0.009852217, -0.002541526, 0.012256328, -0.000113849055, -0.0074260766, -0.007342357, 0.012673224, 0.004950424, 0.014772824, 0.004537893, 0.0047945715, -0.0076288157, 0.012217939, -0.007428383, -0.0023725345, -0.0023916503, -0.0026934678, -0.0001710164, -0.0073458916, 0.014679861, 0.012000576, -0.0077339965, 0.011603381, 0.014859431, 3, 0, 3, 3, -3, -3, 4, 1, 6, -2, 4, 4, 5, 1, 1, 1, 5, 0, -2, 6, 6, 0, -1, 0, -1, 0, 410, 4, -2, 1, 6, 4, 5, -2, 1, -3, -3, -2, -3, 3, 4, 3, 0, 0, 2, 5
-0.0073891627, 0.014743259, -0.0049439264, 0.0023788882, -0.00014658703, 0.0073191184, -0.0025792476, 0.009942643, -0.0026892414, 0.009880105, -0.005109843, 0.009800547, 0.0048370683, -5.8224552e-05, 0.004707484, 0.012073835, 0.0072571714, 0.0071648657, 0.0068649272, 0.009689694, 0.014363739, 0.012179793, 0.0019449642, 0.0120391585, 0, 1, 3, -3, 6, 1, -3, -2, -1, 6, -2, 1, 4, 4, 3, 2, -2, -2, 3, 2, 1, 3, 3, 6, 6, 1, 4, 410, 0, 0, -2, -1, -2, 5, -3, 5, 0, 6, 1, 4, -1, 6, -3, -3, 4, 6
-0.0073891627, -0.0072632227, 0.007480046, -0.0049951193, 0.0049991948, -0.0025238276, -0.002630612, -0.0025239184, -0.007353668, 0.00018347688, 0.012633521, -0.0048674988, 0.014748305, -0.007283735, 0.015048076, 0.004801344, -0.0027816682, -0.007549924, 0.0052134213, -0.0021499638, 0.0075345007, 0.0074207014, 0.009785271, 0.002393012, 5, 1, -2, 3, -3, -1, 2, 1, 5, 0, -3, 6, -1, -1, 4, -3, -3, 0, -2, -1, 1, -2, 1, -2, 6, 2, 5, 5, 403, 1, 4, 3, 5, -1, 4, 6, 2, -2, -3, 4, 3, 2, -1, 5, 6, -2
0.009852217, -9.636117e-05, 0.007317713, 0.014647429, 0.014885438, -0.0050736084, 0.002536673, 0.0019816342, 0.004669635, 0.0047100647, 0.007117367, 0.004711031, -0.00016916062, 0.014499603, 0.014673536, -0.0029678915, 0.013875597, 0.01216531, 0.0021588558, -0.007637598, -0.0051665353, 0.006919676, -0.0029001667, 0.0020064001, 3, -2, -3, 6, -3, -1, 1, 6, 3, -3, -1, 4, 1, 3, 4, -3, 3, 2, 0, 6, 6, 1, 4, 5, 1, -2, 2, -1, -2, 403, -1, 1, 2, 2, 0, -2, -2, -3, -1, -2, -2, 1, 1, 2, -1, 6
0.0049261083, 0.007287313, -0.0025352596, 0.009812021, -0.0075359927, 0.014678395, 0.009978906, -0.007512342, -0.0075129536, -0.000118876924, 0.0022233631, 0.009962124, 0.00236701, 0.009410102, 0.014263996, -0.007317278, 0.011936145, 0.006934294, -0.00028587482, -0.0054024607, 0.007151343, -0.008014209, -0.0050135492, -0.0028992442, -1, 2, 0, 6, -1, 1, -2, 4, 0, -3, 2, -1, 6, 6, -3, 0, 3, 4, 4, 2, 1, 0, 5, 0, -3, 1, -1, 2, -2, -1, 402, -2, 6, 4, 0, -1, 4, 0, -2, 1, -3, 0, -3, 3, 4, 0
0.0123152705, 0.0047698775, -0.007504302, 0.0074891234, 0.004983078, 0.012263867, -4.3277785e-05, 0.009727598, 0.009670539, 0.0023321642, 0.004718142, 0.0145354085, 0.01200797, 0.004513218, 0.009668814, 0.014116893, -0.0053426223, 0.014658801, 0.004440371, 0.007048395, 0.009470146, 0.01220466, 0.009256682, -0.007797309, -1, 0, 2, 2, -1, 4, -1, -2, -2, 1, 6, -1, 0, 0, 3, 0, -3, 2, -2, 6, 2, 3, 1, -2, 3, 4, 6, 4, -1, 4, 5, 404, 4, 1, 6, 6, 4, 6, 1, 4, 2, -3, 5, 2, 0, 1
0.014778325, -0.005034871, -8.468223e-05, -0.0023401733, 0.010074531, 0.0024877328, -0.0075287446, 0.014680467, 0.014762178, 0.0024260096, -0.0025968687, -0.0005254115, 0.004661676, 0.012419971, 0.00018026488, 0.014185363, 0.009349306, -0.0050261756, 0.014591702, 0.010033202, 0.009488026, 0.004752414, 0.0069122375, 0.007334906, -3, -2, 1, -1, 6, 6, 5, 3, -3, 2, -2, 1, 3, 4, 5, 4, 6, 4, -3, -1, 4, 4, 6, 5, -3, 0, 1, -3, 1, 6, 2, 4, 407, -2, 6, 6, 6, 4, -1, 0, 0, -1, -1, -3, 2, 6
0.0123152705, 0.012105372, 0.009703414, -0.002623395, -0.005016865, -0.0048597883, 0.0026889795, -0.0074888603, 1.7108146e-05, 0.014517954, 0.009778926, 0.004836295, -0.00749766, 0.011876974, 0.009387558, 0.0026059274, 0.0019858663, -9.171024e-05, 0.012040201, -0.007487122, 4.879286e-05, -0.0005555785, 0.0016893968, 0.009406547, 0, 5, 3, -2, -2, 1, 4, 2, -2, 3, 3, 5, 6, -1, -3, -2, 2, -1, -1, -1, 2, -3, 3, 3, 3, 3, 4, 2, 3, 6, 1, 2, 2, 408, -2, 0, -1, -1, -1, 0, 6, 0, 2, 4, 0, -3
0.0123152705, -0.0074559455, -0.004981386, 0.005091149, -0.007358968, 0.0074309306, -0.002400883, -0.0025155176, 0.010114382, 0.01451673, -0.007483725, 0.0046162116, -0.0075852554, 0.014698514, -0.0028255908, -0.0025784152, 0.014411609, -0.0024741204, 0.009588469, 0.012224464, -0.005211686, 0.006978805, 0.009863204, 0.0048044524, 3, -2, 4, 3, 6, -1, 6, 2, 2, 2, -1, 0, -3, -3, -1, 2, 4, -3, 0, 4, 6, 5, -3, -3, 0, 6, 2, 6, -1, 0, 6, -2, 6, 0, 410, 4, 3, 1, 5, -2, -3, 6, 3, 6, 4, -2
0.0123152705, -0.005010781, -6.6597495e-05, 0.0074516027, -0.0024258432, -0.0024271419, 0.015138074, 0.014831681, 0.0022421062, 0.011811761, 0.014677844, -0.0076641273, -0.0053172256, 0.014753921, -0.0028084258, -0.002466975, -0.0077397535, 0.010327949, -0.00016937914, -0.00061249494, 0.012248741, -0.00034050865, -0.008058666, 0.0023488384, 4, 1, 5, 0, 5, -1, 1, 6, 6, 5, 0, 0, 6, -2, -3, 2, 4, 0, -2, 4, 0, -1, -2, 0, -1, 3, 4, 4, 3, 0, -3, 5, 6, 4, -1, 406, 1, 6, 3, 3, -1, 4, 0, -2, 6, 4
-0.0024630541, -0.004866239, 0.0098953135, 0.004779959, 0.00992671, 0.002278333, -0.007643228, 0.0070951423, -5.983389e-05, 0.0050764303, 0.012358625, 0.014652707, 0.004761881, 0.0047416114, 0.009925526, 0.0067870347, 0.0043851766, 0.0074616354, -0.0075292704, -0.0026788127, 0.007272202, -0.0049152924, 0.0018418018, -0.005465456, 4, 1, 2, 2, -2, 2, 0, 1, 2, 3, 5, 1, 4, 1, 1, 3, -2, 5, 3, 4, 1, 3, 4, 1, 2, 6, 2, -3, -1, 0, 5, 5, 4, 4, 2, 6, 401, -2, 5, 2, 0, 1, 5, 1, 1, -1
0.0073891627, 0.014598716, 0.002337618, -0.00010616129, 0.009873244, 0.012198683, 0.0023254699, 0.009697397, -0.0004060135, 0.012237134, 0.012168663, 0.009483004, -0.0077273916, -0.005233119, -0.005318648, -0.0024367329, 0.0070939716, 0.004545076, -0.0054259854, -0.0053180745, 0.004726404, -0.002589584, 0.004060207, -0.0034014443, -1, 5, 2, 0, 2, 1, 4, 4, 0, 1, 6, -2, 0, 6, -1, -1, -1, 6, 5, 0, 1, 0, 0, 6, 4, 2, 3, -2, 5, 4, 4, 6, 1, 0, 5, 5, 5, 410, -1, 0, 3, -3, 3, 1, 6, 6
-0.0073891627, -0.0023728937, 0.014846272, 0.009566448, -0.00010427143, -0.0026604559, 0.0074657635, 0.014649518, -0.005166291, 0.0024163031, 0.004666607, -0.004995536, 0.009774291, 0.012504305, -0.0073410487, -0.0050279596, 0.009323394, 0.007492564, -0.0048657665, 0.0045641526, -0.0003921982, 0.0046902723, 0.0070510935, 9.226146e-05, 6, 1, -1, 4, 5, -1, 2, 0, 4, 1, 5, 6, -2, 1, 5, -3, 6, 0, 4, -2, 5, 2, 5, 4, 5, 3, 1, -1, 3, 0, 0, 5, 5, 2, 2, -3, 5, 3, 403, 2, 5, 1, 6, 0, 0, -3
0.0123152705, -0.0074559455, 0.014725421, -0.0050040563, 0.0025924467, 0.014647167, 0.014764977, 0.0047669346, -0.005150581, -0.004948456, 0.012221514, -0.007812578, 0.0021466836, -0.007376134, 4.211225e-05, -0.007011263, -0.0026786667, -0.0027993917, 0.0075567113, 0.01456862, 0.0024734077, -0.005383098, -0.0004344131, -0.00031234455, 2, 5, 2, 5, -1, 5, -1, 2, 2, 3, -2, -2, 4, 4, -3, 5, 6, 4, -2, -1, -1, -2, -3, 4, 3, 2, 5, 5, 5, 4, 0, -3, -1, 3, 6, 4, 1, 0, 4, 409, -3, 2, 6, 3, 2, -2
0, 0.0122258235, -0.0074496176, 0.0024707024, -0.0025728685, 0.0024941892, 5.629069e-05, -0.007368989, -4.316456e-05, 0.00484016, 0.01494415, 0.012594448, -1.20938475e-05, -0.0029903196, -0.000447693, -0.002474459, 0.0073083844, 0.009638057, 0.0021814106, -0.0077695902, 0.009738787, 3.5429686e-05, 0.011921428, 0.009233975, 2, 4, 3, 6, -2, -2, -2, 2, 3, -1, 4, 1, 6, 3, -3, 1, 4, 3, -1, 2, 5, -1, 6, 4, -2, 1, -2, 0, 0, 1, 2, -3, -2, 1, 1, -3, -1, 3, 5, -3, 409, -2, -3, 6, 4, 1
0.009852217, -0.0049866904, 0.014731592, 0.009671975, -0.007462656, 0.009685164, 0.002519529, -0.00031832643, 0.01244921, 0.004786989, -0.0053074886, -0.0077381376, 0.012248522, -0.007426249, -0.004958272, -0.004787672, 0.001940679, -0.0028177125, 1.0216311e-05, -0.002186629, 0.0148064755, -0.0079673715, -0.004859522, 0.002441002, -1, -3, 6, 6, 2, 4, -3, 2, 1, 4, 1, 3, -3, 2, 3, 0, -3, 4, 6, 3, 6, 0, -2, 2, -3, 5, -3, 6, 3, 6, 1, 2, 4, 5, 6, 1, -2, 6, 4, -3, 3, 408, 5, 0, 6, 1
-0.0049261083, -0.0048421486, 0.0025233463, 0.009778679, 0.0049324967, -0.005027666, 0.014973112, 0.0048484155, -0.005245078, -0.00021935513, 0.012320147, 0.014897206, -0.0050549065, 0.012114849, 0.009721456, 0.014322937, 0.0047849366, 0.010259068, 0.0048002233, -0.003113786, -0.0072769797, 0.0048717097, 0.006796808, -8.4251245e-05, 3, 6, 1, 3, -3, 3, 2, 0, -2, -2, -3, 6, 0, 1, 2, 4, 6, 0, -3, 2, 1, -3, 6, -2, 4, 5, -1, -1, 3, -3, 3, 5, 2, 5, 5, 1, 4, 3, -2, 1, 1, -1, 407, -3, -2, -2
0.014778325, 0.007190952, -0.0026075984, -0.00729542, -0.007401064, 0.0075152474, -0.004910477, 0.007541008, -0.002377393, -0.007280628, 0.012299042, 0.012381334, 0.014575863, 0.014270295, 0.007313135, -0.0002884631, -0.002706806, 0.0047372035, 0.0096177645, 0.011857215, 0.0018105266, -0.002494536, 0.014212736, 0.009596445, 1, 6, 2, -2, 3, 5, 6, 4, 6, 5, 0, -2, 1, 3, 5, 1, 4, -1, 6, 6, 4, 0, 1, -2, 4, 4, -1, 6, 0, 2, -3, -2, 4, 0, 6, -2, -1, -2, -2, 3, -2, 2, 0, 408, 1, 5
0.0049261083, 0.0146228075, 0.012209106, 0.00954016, -0.0026514754, -0.0074595935, 0.00020955023, 0.0022327234, -0.000118140226, 0.007231999, 0.0045501445, -0.004894355, 0.012327045, -0.00030686022, 0.012190903, 0.012265418, 0.009138738, -0.00035341186, -0.0052464115, -0.0047340104, 0.00955255, 0.011996869, -0.0031846764, 0.0071381107, -2, 6, 0, 6, -2, 4, 4, 6, 2, -2, 0, 1, 4, 3, 5, 1, -2, 2, -2, -3, 2, 0, 4, 0, 4, 5, 1, -1, 5, 4, 6, 6, 6, 3, 6, 4, 3, 6, -2, 5, 6, 1, 0, -1, 403, 0
0.0024630541, -2.4090292e-05, -1.808473e-05, 0.012267888, 0.014878616, 0.009633537, 0.01477466, 0.012060747, 0.00683636, -0.007537692, -0.002848166, 0.0021361304, 0.009660409, -0.004896859, -0.0023559493, 0.0020968535, 0.009568205, 0.011922573, -0.00019984334, -0.005231622, 0.012214398, -0.0027191192, 0.0022833403, 0.009695447, 5, 6, 4, 2, 4, -2, -3, 6, 3, -3, 6, -2, 2, 6, 2, 6, 5, 5, 3, -2, -2, 4, -1, -1, 0, -2, -1, 6, 4, 1, 5, -3, -3, -1, 5, -3, 6, 3, -3, 0, 4, 2, 2, 1, 0, 408

