0, 3, 4, -1, 0, -3, 5, 3, 2, 4, -1, 4, 1, -1, 4, -2, 3, 6, 4, -1, -3, 6, 0, 5, 3, 0, 6, 4, -1, 6, 2, -3, -2, -2, 1, 0, 3, 1, -1, 4, -3, 6, 0, 5, 0, -3, -1, -1, 0, 5, 3, 0, -3, -3, 6, 6, 0, -1, 6, -1, -1, 1, -2, 1, 6, 4, 3, 2, 1, 410
4, -1, 1, -3, 3, 3, 1, 4, 4, 4, -2, 0, 5, 6, 0, 0, 4, -3, 3, 4, 2, -3, 0, 2, 6, -1, 0, 2, -3, 1, -2, 6, -2, 6, 0, 2, -3, -2, -3, 6, 6, 4, 3, 2, 0, 0, 4, 4, -3, 4, 1, -1, 6, -2, 0, -1, 5, -1, 1, 0, 6, -1, 1, 3, 4, 4, -3, 1, 408, 1
-2, -2, 5, 5, 3, -2, -2, 3, -1, 6, 5, 1, -1, 6, 1, 1, -2, 1, 4, 2, 4, -2, -1, 2, -2, -3, 6, 3, 0, 3, -2, 6, 3, 6, 2, 1, -2, 3, -1, -1, 6, 2, 2, -2, 3, -3, -2, 5, -2, 3, -3, 4, -3, 0, 0, 4, -2, 5, 5, 6, -1, 6, 0, 5, -3, -1, 3, 403, 2, 3
1, 2, 2, -1, -2, -3, 2, 4, 4, 0, 3, -3, 3, -1, 1, -2, 3, 3, 1, 6, 0, 0, 3, 0, 2, -3, -3, 3, -3, -2, 0, 5, -1, 3, -1, 0, 4, 6, 6, 4, 2, 5, 6, 4, -2, 5, -1, 2, -3, 2, -3, 2, 3, 3, -2, 1, 6, 1, -2, 2, -2, 0, 3, 6, 5, -1, 407, 3, -1, -3
6, -1, 3, -1, -1, -3, 5, -3, -3, 5, -3, 3, 2, 6, 5, 5, -3, -3, 3, 6, 6, 3, 1, 0, -2, 5, 1, -1, -1, 4, -2, 1, -1, 4, 6, 4, 3, 5, -1, 4, 0, -3, -3, -2, 5, 5, 2, -3, -2, -2, 4, -3, -2, 3, -3, 2, 6, 1, -2, 5, 3, 3, 1, 3, 3, 408, -1, -2, -1, 5
2, -3, -3, 0, 4, 5, -3, 1, -3, 2, -3, 4, 5, 2, 6, 3, 3, 5, -2, 5, 5, 2, 3, -2, 0, -2, -2, 4, 0, 4, 4, 5, 1, 0, -1, 5, 2, -3, 1, -1, 5, -3, 0, 3, -3, 5, 5, 2, 6, 2, 6, 4, 3, -2, 6, -3, 2, 3, -3, 6, 4, 6, 4, -1, 405, 6, 3, 3, 1, 6
3, 3, 6, -2, -1, 5, 1, -3, 3, 1, 1, 2, -3, 5, 2, 0, 6, 3, -2, -3, 0, 5, 1, 3, 3, 0, -2, 6, 5, 1, 5, 4, -2, -2, 0, 1, -2, 3, -2, 3, 3, 0, 6, 6, -1, 3, -3, 0, 1, -3, 0, -2, 2, -1, 2, 4, 5, 0, 1, -1, 4, -1, 0, 407, 5, 3, 1, 2, 6, 5
5, 3, 3, 6, 6, 1, 0, -1, 6, -2, -2, 0, -2, 3, 5, 4, -1, -3, 3, -3, 2, -2, 0, 2, 6, 2, 2, 3, 0, 3, 1, 1, 4, 1, -1, -2, 1, -3, 6, 5, -3, 6, 0, 1, 3, 1, 5, 1, 6, 2, 6, 0, 4, 1, 4, 2, 3, 2, -2, -3, -1, 2, 410, 6, -1, 4, 5, 1, 3, 4
-2, 5, 3, -3, 2, -3, -2, -2, 2, 2, 6, -3, -2, 0, -1, -3, -2, 2, 0, -2, 5, -2, 6, 2, 4, -3, 0, 4, -2, 1, 2, 3, 5, 0, 0, 5, 3, 2, 0, -3, -2, 4, 2, 3, 5, 0, 1, 6, 6, 4, -1, 3, -3, 3, 5, 5, 3, -2, -1, 6, 3, 407, 4, 0, 6, 2, 5, -2, 2, 1
1, 4, 4, 1, 0, 5, -1, 5, 5, -1, -3, 4, 4, 6, -1, 4, -1, 3, 5, 6, -1, 1, 6, -1, 1, -1, 6, 0, -2, 3, 6, 4, 2, 2, 5, 2, 3, 1, 1, 3, -1, -1, -3, 0, -1, -2, 4, 3, 4, 5, 3, 5, -3, -3, -3, 6, 2, 0, 4, -3, 401, -3, 5, 2, 1, 6, 2, 3, -1, -1
6, -1, 4, 6, -1, 2, 6, 4, 0, 6, -1, 5, 4, 4, -3, 5, 3, 2, 1, 6, 5, -2, -2, 5, 4, 3, 4, 2, 0, -2, -1, -3, 0, -2, 5, 3, 0, -3, -3, 4, 0, 4, 3, -1, 3, 0, 6, 1, -3, -2, 0, 1, -1, -3, -3, 1, -1, 1, 4, 404, -3, 6, 0, 4, 5, -3, 4, -3, -1, 1
2, 5, 2, 3, -3, 1, 0, 0, 4, -2, 5, -2, -2, 1, 2, 3, 3, 3, 5, 1, -2, -3, -3, 5, -1, 4, 3, -1, 6, -3, 4, 6, 3, 5, 6, 2, 0, 0, -1, 3, 3, 6, 2, 5, -1, 0, 5, 1, 4, 0, 2, 3, 1, 4, 3, 3, 6, 3, 410, -3, 5, 5, 6, -3, -1, 0, -2, 2, 4, -3
-2, 6, 5, 4, 0, -3, -1, 3, 5, 3, 1, 1, 1, 4, 5, 4, 1, 5, 0, -1, 0, -3, 6, 3, 5, 6, 6, 4, 3, 6, -3, 5, 0, -2, -2, 3, 1, 4, 2, 3, 0, 2, -1, -1, 0, 0, 3, 5, 3, 5, 2, 3, -2, 2, -3, 5, -1, 408, 3, 0, 6, -2, 6, 1, 6, 3, -3, 0, 2, 3
1, -2, 4, 1, 1, 1, 1, -3, 0, 4, -3, 4, 3, 0, 2, 5, -2, 5, 1, -3, 4, 0, -2, 1, 6, 2, 5, 5, -1, 1, 0, -1, 3, 2, 0, 6, 5, -2, 4, 1, 3, 1, 1, -2, 5, 2, 0, 6, 0, -3, 5, 5, -3, 5, -3, 2, 403, 1, 6, -2, -1, 2, 1, -3, 2, -2, 6, -1, 2, 3
-2, 5, -2, 2, -1, -2, 0, 1, 4, -2, 0, 1, 6, 0, -3, -1, 0, 5, -1, 5, -3, 6, -3, 0, -3, -3, 2, -1, -1, 0, -2, 4, -1, 2, 6, 2, -1, 1, 5, 0, 2, 1, 6, -1, 2, 0, 2, 3, -2, -3, 4, -2, 0, -2, -3, 409, 4, 6, -1, 0, 1, -2, 2, -2, -1, 0, 5, 5, -3, -2
-1, -1, 1, 3, -3, -2, -2, -2, -1, 4, -3, 1, 5, 5, -1, -3, 4, 0, -2, -1, -2, 6, 3, 1, 4, 0, 4, 2, -3, 0, 5, 5, 0, 0, 3, 4, -3, -1, 5, 3, 2, -2, -3, 0, 5, 0, 1, 1, 4, -2, 4, 3, 4, 2, 405, -3, -2, -1, -2, 2, 3, 0, 0, 5, 0, 6, 0, 4, -1, -3
4, 0, -1, -1, 4, 4, 3, 1, 0, -2, 1, 1, 6, 5, 0, 4, -3, 3, 4, -1, 4, 6, 6, 2, -2, 6, 1, -2, -1, 1, 6, 6, 5, -3, 1, 5, 2, 6, -2, 2, 5, -1, 0, 0, 0, -2, 2, -3, 6, 6, -1, 6, 3, 406, 6, 5, 6, -3, -3, 0, 1, 6, 4, -3, 0, 3, 1, -3, -2, 4
-2, -3, 6, 0, 2, -1, 6, 2, 1, -3, -2, -3, 1, -1, 3, 4, 6, -3, -1, 2, 2, -3, 5, 3, 1, 5, 2, 3, -2, 1, 0, -1, 5, 4, 6, 1, 3, 3, 6, 0, 3, 1, 4, 1, -1, 6, 1, 4, -3, 2, 2, 3, 404, 5, 3, 5, 3, 5, -3, 6, -3, 1, 6, 0, 3, 6, 4, 6, -3, 2
-2, -2, 5, 4, 0, 0, 2, 6, -2, 4, 0, -1, -1, 3, 0, 0, 4, -3, 5, 3, -1, 0, 3, -2, 2, -1, 6, 5, -1, 1, 0, -1, -2, 1, 0, -1, 3, 1, -1, 1, 4, 1, 5, -2, -3, -2, 1, 5, 3, 5, 5, 401, 2, 3, -3, 1, 6, -2, 5, 1, 0, -1, 1, 6, 4, -3, 1, 2, 0, 4
-1, -3, -1, 3, 1, -2, 0, -2, 3, -3, 0, -3, 1, -2, 3, 3, 0, 4, 2, -2, 1, 6, 5, 1, 5, 5, -3, 1, 5, -1, -3, -1, -2, -1, 2, -1, 2, -3, 1, 4, 3, 1, 6, 1, -2, 5, 3, -2, 0, 0, 409, 0, 4, 5, 5, -1, 4, -1, -1, -3, 5, 6, 1, 4, 6, 3, 3, 3, 5, 1
5, 5, 4, 2, 2, 1, 0, 5, -1, 2, 5, -2, 2, 2, 0, 2, 6, 3, -1, 2, -3, 1, -1, 6, 0, 4, -1, 1, -1, 6, 0, 6, -3, 4, -3, 4, 0, -2, 2, 6, -1, -2, -3, -2, 3, -2, 5, 0, -1, 405, 3, 0, -1, 6, 4, 5, 6, 4, 2, 1, 4, 6, 3, 6, 0, -1, 3, 4, 5, 6
1, -1, 1, -1, -2, 6, 4, 2, 0, 2, 6, -3, 0, -2, 4, -2, 3, 3, -3, -3, -2, -1, 1, 0, -2, -2, 0, 6, 6, 5, 6, 5, 1, 1, 2, 1, -3, 0, 6, 4, 2, 1, 2, -1, 0, 5, 4, 4, 404, 3, 1, 5, -1, 0, 5, 2, 2, 5, -3, -3, 4, 6, -2, 3, -3, -3, 4, 5, 6, 5
3, 0, -3, -3, 1, -3, -3, -3, 1, -3, -1, 0, 0, 5, 0, 2, 4, 4, -3, 0, -3, 2, -2, 1, -2, 0, 5, 2, 2, 4, -1, 0, 6, 3, 1, 2, 0, 5, 0, 2, -3, 5, 4, 3, 5, 3, 0, 401, 2, 2, 3, 2, 0, 3, 4, 1, 5, 3, 4, 4, 3, -2, 1, 2, 6, 0, -2, -1, 5, 5
-2, 1, -3, -1, 2, 0, -1, 4, -1, -3, 3, 3, -3, -2, -1, 6, -3, -2, 6, 5, 6, 2, 2, 3, 1, 6, 6, 3, -2, -3, 0, -2, 2, 2, -3, 3, 4, -2, 0, 0, 3, 0, 5, 4, 1, 6, 406, 1, 0, 0, 0, 6, -3, 5, 4, 4, -1, 2, 6, 4, 2, 6, -3, 3, 3, 0, 0, -3, -1, 4
3, -3, 4, 1, 0, -2, 4, 4, -3, 3, -1, 1, 5, 0, -3, 2, 1, 5, 2, 3, -2, 3, 2, -1, 0, 4, 1, 6, 1, -1, 1, 6, 0, -1, -1, 4, 4, -3, 5, 0, 2, -3, 1, 6, 0, 401, 5, -1, -3, 3, 5, 5, -2, -2, -2, 4, -3, 0, 3, -3, 1, 6, 0, 0, 0, 5, -2, 2, -2, 3
-1, 4, -2, 3, 3, 4, 6, -1, 5, 2, 1, 3, -3, 5, 5, 0, 4, 2, 5, 6, 4, -3, -1, 2, 6, 5, 6, 1, 2, 4, -3, 5, -2, 1, 5, 1, -3, -1, 1, 1, 1, 3, 6, 1, 409, -3, -1, -1, -3, 0, 2, -1, 6, 2, 2, -3, 1, -2, 1, 3, 3, 0, -1, 1, 3, 4, 6, 4, -1, 0
2, 0, 2, -3, 4, 6, 1, 4, -1, 5, 6, 6, 1, -2, 0, 3, 3, -1, 6, -3, 6, 0, 1, 4, 0, 6, -2, 2, 0, -2, 4, 4, 0, 4, 2, 2, 5, 4, -1, 1, -1, 2, 6, 404, 1, 5, -3, 0, 2, -1, 4, -1, 2, 2, 1, 4, 0, 0, 6, -1, -1, 5, -1, 6, -2, 4, -1, 2, 3, 5
-3, -1, 3, 0, -1, -3, -1, 5, 2, 3, 3, 6, 5, 5, 3, -3, -3, -2, 0, -3, 6, -1, 5, 1, -2, 3, -2, 5, -1, -3, -1, 3, 5, 4, 6, -1, -1, 3, 0, -3, 4, 4, 409, 0, -1, 4, 2, 6, -1, 4, 2, 2, 3, 3, 5, -1, 2, 1, 5, 2, 4, 0, 0, 1, 5, 1, 5, 4, 3, 4
5, -3, 0, 5, 6, 6, -1, 5, 4, 2, 4, 2, 1, -3, 6, -2, 3, 6, -3, 4, -1, 3, -3, 3, 0, 5, -2, -1, 2, 5, -1, 5, 1, -2, 2, -3, -2, 1, -1, 4, 4, 408, -1, 0, -1, 2, 1, -3, 3, 4, 0, 6, -2, 4, 1, 6, -3, -3, 4, 6, 1, 1, -3, 5, 3, 6, 4, -1, -1, 6
-2, -2, -1, 2, 0, 0, 2, 1, 4, 6, 3, -3, -3, 5, 1, 5, 5, -3, 0, 6, 5, 4, 1, 1, 6, 2, -3, 3, -3, 5, 1, -1, 0, 2, 1, 1, 3, -2, 3, -2, 408, 4, 0, 3, 0, 1, 3, -1, 5, 3, 0, 5, -2, -3, -3, -2, 3, -3, 6, 2, 6, 4, 6, 0, 3, 6, 4, -2, 6, 3
0, 5, 2, -3, -3, -2, 1, 6, -2, -1, 0, 2, -2, -2, -1, 1, -2, -3, 4, 1, 4, 3, -1, -3, 3, -1, 4, -1, 5, -2, 0, -1, -2, 4, 4, -3, 4, 4, -1, 410, 1, -2, 3, 2, 3, -1, -3, -3, 1, 3, 0, 4, 4, -2, 4, -1, -2, 0, -1, -3, 5, 6, -1, 1, -1, 6, 6, 2, 3, 3
1, 6, 5, 3, 2, 1, 5, 6, 4, 2, -1, 6, 6, -1, -3, 1, 3, 0, 6, 3, 5, -2, 0, 2, -3, 0, 3, -1, -1, 4, 1, 0, 5, 5, 5, -3, 1, 6, 406, -1, 1, -2, -3, 1, 4, 2, -1, 2, -3, -1, 4, 2, 6, -2, -1, 1, 6, 1, 0, -3, -1, -2, 2, 5, 2, 2, -3, -3, -1, -2
4, 6, 3, 1, 4, 4, 0, 5, 5, -1, -3, 6, -3, -2, -3, 0, 4, -2, -1, 4, 1, 6, -2, 4, 1, 2, 4, -2, 6, 6, 5, 2, -1, 3, 6, 0, 6, 407, 6, -3, 3, 6, -3, 4, -3, -2, 4, -2, 4, 3, 4, -3, 0, 4, 2, -2, -3, 2, 5, 3, 3, 3, -3, -1, 5, -2, 2, 5, 4, 3
4, 5, 3, -2, 6, -2, 1, 2, -2, 6, 1, 0, 1, -3, 6, -3, -3, -1, 3, 3, -3, 4, 4, -2, -2, 2, 1, 4, 1, 0, -1, 0, 0, 3, -1, 0, 406, 6, 1, -3, 0, 2, 5, 4, -2, -1, -2, 6, 2, 6, 5, 2, 0, 1, -1, -1, 2, 1, -2, 2, -2, -2, -3, 3, -2, 5, -3, -2, 3, 5
5, 6, 1, 1, 0, 1, -3, -2, 1, 2, 0, -3, 5, 2, 3, 3, 6, -2, 6, -1, 3, 1, -3, -2, 0, 6, -3, 6, -3, 3, 3, 3, -3, -2, -2, 408, 0, 0, 2, 3, 3, 6, 1, 0, 0, -2, -2, 6, 5, -1, 0, -1, 6, -3, 1, 3, -3, -1, 2, 0, 3, 4, 1, -3, -2, -3, 3, -1, -3, 3
2, 1, -3, -2, 4, 1, 4, 2, -3, -3, -1, 0, 5, -3, 5, 6, 5, 3, 5, -2, 1, 1, 1, 4, 1, -2, 3, 3, 1, 1, 0, 6, 1, 5, 408, 2, 0, 5, 0, -2, -1, 4, -2, 3, 0, 6, -1, -1, 4, 5, -1, 4, -2, 1, 4, 0, 4, -2, 1, 0, 5, -2, 1, 6, -2, 3, 2, 3, -3, 2
4, -2, 6, 5, 2, 1, 2, -2, 2, 0, -3, -1, 3, 6, 4, 0, 1, 5, 3, -1, -2, 3, 3, 6, -3, 3, -3, 5, 6, -2, -2, 4, 0, 410, 1, 2, 0, -1, -2, -2, 0, 1, 5, 5, 3, 4, 5, 6, 5, 6, 5, -3, -3, 2, 5, 1, 6, 5, 2, 1, -2, -1, 3, -2, 5, -1, 6, 1, 6, 0
-2, 4, 1, 2, 1, -3, 2, -2, 4, 3, -1, 5, -3, 1, 1, 1, 1, 4, -3, -3, 0, -2, 6, 5, -3, 0, 4, 5, 4, -1, 0, 3, 407, 6, -1, -2, -1, 1, -2, -1, 3, 1, 0, 0, -3, 4, 6, 4, -1, 1, 2, -2, 3, 1, 6, -2, 5, 3, 1, 4, 0, 6, -3, 5, 1, 0, 1, 6, 1, 0
-1, 6, -2, 0, -3, 0, -3, -3, 4, -3, 6, 4, -3, 3, -1, 3, 2, 1, -1, -1, 2, 4, 2, 0, 5, 1, -3, 1, -2, -2, 4, 406, 2, 4, 5, 5, 2, -1, 3, 5, 1, 5, 5, 3, 3, 1, -1, 0, 1, 2, 2, -2, 6, -3, 3, 2, -3, 6, 2, 0, 4, 3, -3, 1, 2, 2, 4, 6, 1, 4
6, 1, 1, 1, 5, 1, 2, 4, -2, 6, 3, 6, 4, -3, 0, -1, -1, -1, -1, -2, 4, -1, 5, -1, -1, 5, 6, -2, -2, 1, 401, -1, 5, 2, 3, 0, 1, -2, 1, 1, 5, -1, 1, -1, 1, 5, 2, -2, 4, 5, 6, 2, 5, 3, -1, 6, -2, -2, 4, 0, 0, 5, 1, 1, 0, -3, -3, -1, 2, 3
3, 6, -2, 3, 2, 2, 2, 3, -3, 1, -3, 5, 5, 1, 2, -2, 5, 5, -3, 3, 0, 1, 5, 4, -1, 2, 3, 4, 2, 406, 3, 5, 6, -1, 5, -2, -2, 6, 5, 3, 5, 1, -2, 1, 3, 5, -2, 0, 5, -2, 4, -1, 5, -2, 5, -1, -2, 4, 6, 5, -2, -3, 6, 3, 4, 4, -2, 6, 5, 3
3, 3, -2, 0, 0, 1, 4, -2, 2, 0, 0, -2, 0, 6, 3, 4, 1, -1, -1, -3, 4, 4, -2, -1, 0, 5, -1, 0, 404, 3, -2, 3, -1, 0, -2, -3, 6, -2, -2, 6, 1, 2, -1, 4, 1, 3, -2, 3, 0, 3, 0, 3, 3, 0, -3, 0, -1, 0, 2, 4, -1, -2, 4, -3, -3, 2, 3, -2, 1, -2
4, 4, -1, 2, 4, 1, 6, 0, 3, 3, 5, 5, 2, 1, 3, -1, 4, -2, -2, -2, 0, 6, 1, 6, -3, 1, 2, 402, -3, 3, 0, 4, 1, 6, -1, 1, 0, 0, 5, -3, -1, -1, 0, 3, 2, 2, -3, 6, 6, -2, 0, 5, 5, -2, 6, 3, 2, -1, 4, -2, -3, -1, -2, 5, 6, 2, 5, 2, 4, -2
5, 1, 1, 0, -3, -1, 3, 1, -2, -1, 5, -2, 6, 3, -3, 6, -1, -1, 1, 5, -3, 6, -1, 5, 3, 4, 405, -2, 1, 1, 4, 6, 1, -1, 2, 2, -3, 4, 5, 0, 2, 0, 0, 5, 4, -3, 4, 2, 6, 6, 6, 6, -2, 0, -2, 0, -2, 3, 6, -3, 2, -3, 3, -2, 5, 2, 3, 6, 2, 0
4, 2, -3, 6, 4, -3, 2, -1, 6, -3, 6, -1, -2, -2, 1, -3, 2, 0, 4, 0, -2, 1, -3, -1, 1, 404, -2, 2, -1, -3, -2, 2, 2, 6, -3, 1, 2, 6, -1, -1, -1, 3, -1, 2, -3, -3, -1, 1, -3, 1, 2, 4, 2, 6, -1, -3, -1, 1, -1, -1, 1, 6, 2, -3, 5, 5, 5, -1, 0, 6
-3, 2, -3, 6, -3, 4, -3, 6, 6, 0, 0, 1, 3, 3, 4, -2, -2, 0, -2, 3, 6, 0, -1, 2, 403, 1, 1, -1, 4, 1, 1, 6, 3, 4, -1, 4, 1, -2, -2, 1, -2, 6, -2, -2, -3, -1, 6, 5, 6, 0, 6, 4, -3, 5, 2, 5, 0, 0, -1, 6, 2, 5, 6, 5, 5, 6, 4, 2, -3, 4
1, -1, 5, 3, 4, 4, -3, 1, -3, -2, 5, 4, 2, 0, 4, 0, 5, 3, -3, 1, 3, 6, -2, 409, -1, -1, -1, -1, -1, -2, 3, -3, -1, 1, -2, -3, 0, -1, -3, 4, 0, 1, -3, -1, 0, -3, 0, -2, 4, 0, 4, 6, 4, 5, 0, -2, -3, -2, -1, 3, 0, -1, -2, 4, 3, 1, 0, 6, -3, 2
0, -3, 4, 4, -2, 0, 1, 1, -3, 0, 5, 5, 5, 4, -1, -3, 3, 2, -3, 3, -3, 5, 401, 6, 6, 5, 6, -3, 4, -2, -3, -3, -2, 5, -1, -3, 3, 4, 2, 4, -1, 3, 3, 6, 0, -2, 3, 2, 5, -3, -1, 3, 0, 3, -3, 3, -3, 0, 6, 3, 3, -2, 3, -2, -3, -1, 2, -2, -2, 1
4, -3, 2, 1, 5, -3, 2, 4, 5, 1, 1, 1, 0, 2, 2, 4, 3, 6, 5, -3, 0, 401, 3, 6, 4, -3, 4, 6, 0, 1, 1, -2, -1, 5, 2, -2, 4, 1, 3, -1, 5, -3, -2, 0, 5, 4, 6, 2, -1, -1, -3, 3, 6, 4, -3, 2, 1, 3, 2, 1, 0, 1, 1, 4, 6, -1, 0, 2, -2, 6
5, -3, 3, 3, 0, 3, -2, -2, 2, 2, 6, 1, 0, 5, 4, -1, 0, 6, 3, 3, 405, 5, 6, 1, 6, -2, 1, 1, 4, 3, 6, 6, -3, 0, 4, 1, -2, 6, -3, -2, 1, 4, 5, 1, -1, -3, 6, -2, -1, 0, 3, 5, 3, -2, 3, 1, 4, 3, 6, 3, 6, 6, 2, 0, 4, 1, -3, 4, 1, 3
1, 0, 3, 0, 6, -2, 1, -2, 5, 4, 6, -1, 3, 1, 6, 2, 0, 3, 0, 409, 1, -2, 4, -1, -3, 3, 3, 0, 2, 5, 0, -2, 3, -1, -1, 5, -1, 1, 6, 1, 3, -3, -3, 2, 1, 3, -3, -2, -3, 4, -1, 3, -2, 0, 6, 0, 2, -1, 3, -2, -3, 2, 4, 3, 6, -3, 3, -1, 0, 4
3, 3, 5, 5, 0, 3, -2, 1, 5, 1, 5, 6, 6, 1, -2, 4, -1, -3, 409, 1, 2, -1, 5, -1, -1, -2, 1, 6, 6, -2, 4, 3, 6, 6, -2, -2, 5, -1, -2, -2, 0, -1, 1, -3, 0, 3, 6, 0, 5, -1, 4, 3, -1, 3, 5, -3, 5, 4, 2, 2, 4, 4, 2, -2, 0, 3, 3, 0, -1, 6
3, -2, 4, -1, 3, 1, 3, 1, 6, 1, 4, 2, 3, 3, -1, 2, -1, 403, -3, 1, 1, -1, 6, 6, 5, 5, 3, -2, 3, -2, 5, 4, 6, 6, 5, 1, 1, 3, -1, 0, -2, -2, 6, 6, 0, -2, 0, 6, 1, 1, 3, -1, 3, -2, 1, 6, -1, 4, 5, 2, -1, 2, 3, 0, -3, 1, 0, -2, -2, 4
6, -2, 3, 0, 6, 0, 6, 5, 0, 1, 1, 3, 5, 0, 0, -1, 406, -1, -3, 4, -1, -1, 3, 3, 3, -3, -2, 0, 0, 5, 2, 4, -1, 1, 4, 5, -1, 3, 4, -1, 1, 5, 6, -2, -1, -3, 1, -3, 4, 6, 1, 1, -1, -3, 2, 5, 1, 0, -2, 5, 0, 1, -2, 6, 0, 3, 5, 6, 0, 0
-2, 4, 3, 6, 2, 1, -2, 1, -1, 5, 4, 5, 6, 5, -1, 405, 3, -3, -3, -3, 1, 0, -1, 1, 3, -2, 6, -1, 4, 6, 1, 5, -1, 3, 0, 1, -2, 1, 4, 6, -2, -2, 4, 1, 5, 5, 3, -3, 5, 6, 3, 0, 5, -3, 0, 0, 6, 2, -2, 6, 4, 3, 4, 1, 4, 4, 2, 4, -3, 4
6, -1, -2, 3, 2, 4, 4, 5, 0, 6, 1, 3, -1, -1, 403, -3, 1, 5, 5, 0, -1, 0, 5, 1, 0, -1, 2, 4, -3, 2, -1, 0, -2, -3, 3, 4, 4, -2, 1, 5, -3, -3, 5, -3, 1, 1, -3, 5, -1, 2, 3, 6, -3, 4, 3, 5, -2, 0, 4, 3, -1, 3, 4, 5, -2, -1, 0, 6, 6, 4
6, 0, 2, 5, -1, 1, 0, 0, -2, -2, 1, 2, 3, 406, 3, -3, 1, 6, -2, 4, -3, 6, 5, 0, 3, 3, -2, -3, 4, -2, -1, -2, 5, 6, -3, 4, 3, 0, 2, 1, -2, 4, 1, 4, -1, 6, 6, -1, 6, -1, 2, -1, 1, 1, 0, -3, 4, 6, -3, 4, 5, -1, 2, 3, 5, -3, -1, -3, 6, 4
6, -1, 1, -2, 6, 4, 1, 1, -2, -1, 1, 3, 408, 6, 2, 5, -1, 4, 5, 0, 1, -2, -1, 1, 5, 6, 1, -2, 3, -3, 4, 6, 6, 5, 1, -2, 6, 0, -3, 4, 4, -1, 0, -3, 1, 4, -2, 6, 2, -2, 6, -3, 6, 2, -2, 4, 2, 2, 2, 6, 0, -2, 5, -3, -3, -2, 2, 6, 1, 0
4, 4, 2, 5, 0, -3, -3, 6, 6, 5, 4, 403, 4, -1, 1, 6, 2, -1, 4, -2, 2, 5, 0, -1, -2, 5, 0, -3, -1, -2, -3, -1, -1, 0, 2, -1, 6, 4, 4, 3, -3, 5, 0, 0, 3, 1, -1, -2, -1, -1, 3, 0, 4, -2, -1, 1, -3, 2, 0, 6, 5, 2, 3, 2, -2, 5, 4, 6, 4, 3
1, -2, 0, 5, 3, 6, -1, -1, 2, -3, 402, 5, 1, 6, -3, -3, 3, -3, 5, 6, -1, 4, -3, -2, 2, 5, 5, 2, 5, -1, 6, 4, 5, 3, -3, 2, 5, -3, 2, 3, -1, -2, 6, 3, 1, 2, 1, 2, 5, 2, -1, 3, 6, 0, 3, 0, 6, 5, -2, -2, -2, 6, 3, 6, 6, 1, -3, 6, 5, 2
4, -2, -3, 4, -2, -3, 6, -1, -1, 409, 0, 0, 6, -2, -3, 4, 0, 1, 0, -1, 3, -3, 6, 5, 3, -2, 1, -2, -1, 3, 5, 4, 1, 3, 2, 4, 6, -3, -2, 4, 4, 2, 4, 4, -2, -2, 4, -2, 5, -2, 3, -3, -2, 3, 2, 0, 4, 6, 3, 6, 2, -3, -1, -3, 1, 5, 6, -2, 1, 0
4, -2, -3, 0, 2, -1, -3, 6, 409, -1, 0, 3, 5, 0, 5, 6, 4, -1, 2, 0, 6, 3, 0, 4, -2, 6, 4, -1, 1, 4, 4, 0, 2, 6, 2, -3, 0, 0, 3, -1, 3, 0, 3, 4, -2, 2, 1, 5, 6, 3, 5, -3, -2, 0, 5, 2, 6, 0, -2, 5, 0, 5, 6, -2, 0, -3, -3, -1, 2, 1
-1, 3, 4, 5, 1, 6, 5, 403, 6, -1, 1, -3, 2, 0, -1, 0, 0, 1, -1, 1, 2, 0, 5, -2, -3, 2, -2, 0, 5, 6, 2, -3, 3, 6, 3, 2, 1, 1, 2, -1, 5, -3, 2, 6, 0, 1, 1, 0, -3, -2, 3, 1, 1, -1, 2, 1, 4, -2, 5, 2, 6, 3, 5, 2, -2, 3, 1, 2, -1, -1
3, 2, 6, -3, 4, -1, 404, 0, -1, -3, 4, 3, 2, -1, 0, -2, 3, 3, -2, -2, 6, 6, 2, -1, -1, -1, 5, -2, 5, -1, 4, -3, 6, -3, -2, -1, 0, -3, 0, 2, 6, 3, 6, 3, 1, 4, 1, -3, -3, -3, -1, 4, 6, 3, 4, 6, -2, 0, 3, -3, -1, 4, 5, 4, -3, -1, 6, -1, 1, 6
4, -2, 0, -2, -1, 407, -1, -1, 1, 2, -1, 3, -3, 1, 0, 3, 3, 5, -1, 1, 0, 6, -3, 1, 1, 1, 5, -3, 4, 5, 4, -1, 4, -2, 2, 5, -1, -2, -3, -3, 4, 5, -1, -1, 6, 1, 3, 6, 4, 0, 2, 4, -3, 3, -3, -3, -2, 3, 6, 5, 2, 5, -2, 2, 6, 5, 6, 6, -1, 3
-3, 4, 4, -3, 401, 2, 3, 2, 3, 5, 5, -2, 0, 0, 2, 5, -1, -1, -3, -3, -1, 2, 4, 0, 1, -1, 6, 1, 0, 1, 2, 6, 6, -1, 5, 5, 0, -1, 2, 4, -2, 3, -3, -1, 6, 3, 3, 6, 6, -3, 2, 6, 2, 3, -1, -3, 3, 3, 6, -3, -1, 0, 5, 2, 5, 5, 6, 1, 3, -3
-3, 2, -3, 401, -3, 0, 2, -2, -1, 6, 1, 6, -2, 4, -1, -1, 5, 4, 6, 3, 2, 1, 4, 0, 6, 0, 1, -3, 3, 5, 5, 4, 4, 0, 0, 5, 1, -1, 0, -2, 1, 2, 6, -2, -2, 0, 0, -2, -3, 0, 0, 4, 4, 3, -2, 3, 2, 1, 5, 5, 2, 4, 1, 3, -3, -1, 4, -1, 2, 4
6, -3, 410, 2, 3, -3, -3, 6, 1, 2, 5, 2, -3, -3, 6, 2, -3, 6, 4, -3, 1, -2, 3, 1, -2, 5, -2, 6, 2, 5, 5, -2, -2, 5, -3, -1, 5, 6, -3, -3, 2, 3, -2, -2, 2, -1, 6, 2, 6, 5, 4, 2, 2, -2, 1, 0, 2, -3, 0, 3, -2, 5, 5, 5, -2, -2, 1, 0, 2, -3
2, 402, 6, -1, -1, 5, 3, 0, 2, 5, 5, 4, -3, 4, 5, 6, 3, 0, -2, 3, -1, 5, -3, 1, 5, 1, 4, -3, 6, -1, 5, 4, 5, 3, 6, 0, -2, 1, 2, 6, 1, 6, 0, 4, 4, -3, -1, 1, -2, 4, 6, 2, 0, 6, -3, -1, 0, 5, 1, 3, -1, -3, 6, -3, 5, 1, 1, 6, 2, 4
407, 3, 1, -3, 0, 1, 1, -3, 1, 6, -2, 3, 6, -2, 6, 4, 1, 3, -2, 3, 4, 2, -2, -1, 5, 1, -2, 3, 5, 5, 4, 1, -2, 0, 1, 6, 2, 6, 1, -3, 3, 6, 2, 6, -3, 5, 0, 6, 1, 6, 0, 1, 3, 0, 1, 6, -3, -3, -2, 5, 1, 0, 6, -1, -1, 5, -3, 1, -3, 4

