403, 3, 6, 1, 0, 6, 4, 0, 0, 3, -1, 3, -2, 6, -3, 0, 1, -3, 0, -2, 6, 3, 5, -1, 0, 3, 1, 3, 4, -3, 6, -3, -1, 2, -3, 5, 2, 1, 1, 4, -3, 1, 5, -2, -2, -3, 4, 3, -2, 3, 4, 1, 2, 6, -1, 4, -1, 0, -1, -1, 3, -2, 2, 2, 1, -1, 2, 0, 0, -1
0, 404, 1, 4, 5, 3, 1, 4, 6, 6, 3, -2, 2, 1, 5, 1, -1, -2, 6, 2, 6, 2, 0, -1, -3, 4, 0, 2, -2, -3, 5, 2, 3, 4, -3, 3, 6, 0, 3, 4, -3, -2, 6, -3, 3, 4, 0, 3, 5, 0, 0, -2, 4, 5, 2, -2, 5, -2, 3, -1, -3, -2, 3, 0, 5, 1, 6, -1, -3, 4
0.014888337, -0.00011055695, 403.9108, 2.985554, 4.0005527, 1.9110016, -2.0594428, 5.000442, -2.9993367, -1.0440016, 0.015220008, 4.955114, 5.029998, 2.9107807, -0.9547822, 1.0001105, 1.9850012, 6.0444436, 3.0006633, 5.029998, -0.08866668, 2.955556, -2.0744417, -1.9852222, 3.9996684, 4.955777, -3.0148883, 4.9555564, 1.9402255, 5.044333, 0.91122276, 2.044886, 3.01522, 4.9706655, -2.9556665, 0.92589, 0.97088665, -1.0148883, 2.9854434, 1.9408889, -0.95566666, 5.9848905, 5.9262214, 4.0294447, 3.0301082, 2.0451074, 3.9404466, -0.04433334, 4.030329, -0.04466501, 4.940447, -3.0151093, 2.9706657, -2.088777, 4.0151095, 1.9402255, -1.9845589, 4.9997787, 4.01522, -2.9852223, -1.0449966, -1.9704444, -2.029445, 3.9702234, -0.014335552, 3.014999, 0.97088665, -2.0001106, -2.0003316, 3.0153306
-0.0074441684, 5.5278477e-05, 0.012489415, 400.96994, -2.050241, 2.0206318, 3.0554426, 2.9373264, 1.0371282, -1.9649601, 3.9922, 5.960557, -1.0778205, 6.0082555, -3.010684, 2.987454, 5.982708, -2.0977135, 3.9621918, 2.9221795, -2.954559, 2.9853086, 2.0631294, 4.0174055, 3.9502125, 5.9602165, -1.9549017, -0.039670054, 2.0056548, -1.0851675, 4.0330076, -2.0479825, -3.0452683, -0.04741348, -1.9852519, -1.9745088, 1.0024308, -1.9798805, 1.9699918, 4.005315, 2.9897692, -2.067193, 5.962874, 4.9349523, -0.05289845, -1.0480958, -1.0194372, 1.0227205, 3.934499, -1.9771097, -3.0319266, -1.9547884, -0.022434654, 2.0704763, -0.057701092, 3.0056548, -2.9829345, 1.9376663, 3.9422421, 4.029895, 3.0355499, 4.009832, 2.0400689, -3.0346975, 4.0073466, -1.045155, -1.9975692, -1.9749645, -0.9748512, -1.045325
0.0024813896, -1.8426159e-05, -0.0025126087, 1.2703805e-05, 401.01016, 5.989943, 4.98488, 3.0126004, 2.9925613, 0.99006826, -0.9974758, -0.9951064, -0.98234826, 2.9923675, 6.0051756, 5.0024934, 6.002412, -0.9773787, -1.9924003, 4.017601, 3.985037, 3.9999812, 5.9823546, 0.99742377, -1.9900559, -2.9949944, 3.989968, 2.0050445, -1.0051129, 5.020077, 2.987442, 3.012645, -0.9898486, -2.992399, 1.9999877, 4.9900002, -2.0024252, 3.9949934, 3.0050502, 5.994974, 2.0049498, 3.0125456, -2.997482, 2.014969, -0.9873678, 0.012669743, -1.0000118, 5.9924865, 1.0151316, -2.0075314, 6.0025268, -3.0100694, 5.0025754, 5.9799294, 2.0126076, -2.0051258, 1.997625, 0.012501019, -0.98742473, 0.99491096, 5.989836, -1.0000759, 4.9899673, 4.0050516, -2.0024765, -1.9899114, 5.9976125, 1.994981, -3.005069, 0.01014472
0.009925558, -7.3704636e-05, -0.0026230537, -0.004992393, 0.0024952644, 403.94083, 1.9577849, 1.0205584, 5.9902854, -1.0443532, 2.032606, 2.0153139, 1.0302628, 0.97068435, -1.0023743, 5.0051293, 0.0100979265, 2.0374503, -1.9669343, -0.96224385, 5.915962, 3.9830463, 3.940303, -2.9777877, -2.9650428, -2.9792533, 0.96245056, 2.978168, -3.0222392, 5.024843, -0.044114735, -1.9824537, 1.0053226, 1.0007122, -0.99309903, 1.930713, 4.993139, -2.0324407, 3.000463, 4.970721, -1.963028, -2.0122116, -2.9963923, 3.049809, 3.03022, -1.9698281, 5.9680395, -2.039519, 1.0479008, 3.9652452, 2.9431424, 0.97977006, 0.9756412, 2.9307516, -0.98470527, 5.9852486, -2.0147882, 3.0226097, 4.042824, 1.0196579, -1.0325305, 0.037049234, -1.0272197, 4.965419, 4.0154085, 6.017655, 4.9581995, 2.9798422, 0.9971635, -0.9871143
-0.0074441684, 0.014906764, 0.0075010583, 0.007295864, 0.012245116, 0.0071731317, 407.93298, 3.8372238, 1.8458776, 4.9504266, 0.91622895, -1.0307809, 4.930071, 1.9204844, -1.1340829, 4.8586364, -1.1097605, -2.0252008, -3.10235, -1.1460457, -1.1137877, 0.8710177, 2.9362104, 2.0021899, 0.03153544, -3.0599084, -1.0114397, 5.9097223, -1.9356098, -2.1050482, 2.8976068, 4.924787, 5.9523454, -3.0522141, 0.041676093, 1.9250089, 2.899555, -3.0048385, 4.8676376, 2.8173037, -0.0027264366, -2.0150084, 5.918021, -3.082948, 1.9084026, -2.0756786, 0.9770927, -2.0882657, 1.8316934, -2.9667687, 0.9202254, 5.1039667, -1.1351137, -0.12355429, -1.0845355, -2.9952724, 0.94466263, 2.9563382, 0.8720466, -2.0190437, 1.9868046, 2.012431, -3.0832272, -0.077411726, 4.8994985, 3.94386, 4.8237314, -2.0014846, -1.9035181, -0.07510636
-0.004962779, -0.0073888903, 9.2014285e-05, 0.015049119, 0.00016815201, -0.004900838, 0.0024273705, 401.98007, -0.94662493, -0.9284125, -2.0349712, 1.9224994, 6.0138564, 4.9460716, -1.9357173, -2.025767, -2.090909, 3.0164118, -3.0173445, 3.9578032, 3.1496081, -2.9987986, -2.994866, -2.0922487, -2.096255, 5.947623, 5.041161, 0.02972042, -0.03523258, 0.0077031907, 4.9981923, 3.0083451, 2.0533996, 4.052553, 0.9877888, 4.08056, 4.056853, 2.031513, -3.000408, 6.0054655, -0.091911465, 0.01526682, -1.0496801, 0.9153617, 3.0231426, -0.9743655, 0.06187495, 2.015734, 3.9679558, 1.0716182, -1.9237949, -1.9872009, 4.046241, 2.0494115, 4.007782, 5.9966035, -2.9354482, 3.9632368, 4.9753695, -2.0629923, 2.936245, 1.9105983, 2.0031888, 2.079079, -0.010275801, 3.0381303, 6.095813, 6.0416427, 0.0027008276, 1.0353895
-0.0074441684, 0.005005773, 0.014952953, -0.0076245666, -0.005237975, 0.01249652, -0.002254029, 0.002336626, 406.9699, -1.9755088, 4.9839444, 2.9664848, -3.1292908, 0.038260292, 4.9899087, 4.982159, 5.0620823, 1.8391088, -0.030492108, -3.0565953, 5.9305034, 3.9710367, 4.0796824, -1.8902842, 6.0169272, 2.9743977, 5.0324335, 2.9244552, 3.05429, -0.13227764, 0.047812417, -1.033911, -2.0998957, 5.875649, 4.0424166, 5.9901185, -3.0978498, 1.0423282, 2.9590337, 2.972873, 2.065012, -2.0514498, 6.0015726, 0.94085824, -0.12141942, -2.058647, -0.114677355, 0.06323426, 4.9168954, 5.938668, 3.9340167, 6.035774, 3.9522724, -1.9437126, 3.933105, 4.927632, 6.019088, -3.0902798, 2.882204, 5.0656643, -0.88198453, 5.049531, 4.073115, 4.886279, 3.9635842, -1.1493342, -2.07881, -1.0255612, 1.0049969, -2.0707252
-0.0074441684, 0.005005773, 0.014952953, 0.0023512442, -0.0026932692, -0.0073959986, 0.012443923, -0.00033282538, 0.014844967, 400.97488, -3.1057942, 4.9258904, 3.8945014, -0.025574131, 5.9221473, 1.8884118, 3.92291, 0.91356957, 0.93392074, 4.9576726, 0.0042603435, 0.93055236, 6.0105467, 5.0009136, 1.8282219, 0.8799932, 1.0145441, -2.1512032, 4.959734, 1.9986539, 4.9691443, -1.1095884, 3.9021676, -0.12790097, 1.9793907, 1.9292008, -2.989229, 6.045598, 3.867941, -1.052968, 3.9601746, -2.018411, -2.2887688, 5.9809585, 4.9237223, 1.9710593, 5.0042624, 1.0323471, -3.1934133, -2.9993155, -0.06952675, 2.9125006, -2.0720127, -2.8851433, 3.8772228, -0.9913061, -3.107391, 4.963489, -2.1165104, 1.9921837, 5.043681, 5.913373, 1.0098313, -1.0607134, -3.1222997, 0.9530675, 6.0007195, -1.8908895, 2.055271, -3.0453517
0, 0.004950495, 0.0049393317, 0.0049017426, 0.0024077625, -0.0050715785, 0.009776535, 0.0047303555, -0.0024826543, 0.009797358, 403.02167, 4.928913, 4.855556, 0.90711254, -1.0502106, -0.055245515, 4.9462924, 2.0041606, -1.0337465, -1.1273013, -1.9837022, 1.9778483, 1.9424145, 3.914194, 2.972121, 1.9191499, -0.99165606, -1.0534879, -3.0443404, 1.0092853, 1.8430235, 4.918656, -0.11868651, -3.005331, 5.014893, -1.0541214, 0.96479, 2.9579153, -2.0952177, -3.0765016, -0.043077443, 3.0073237, -1.1117511, 2.9509237, 4.906688, 5.9656935, 5.959051, -2.0434942, -1.0542588, -0.89707977, 3.0014844, 1.9925429, -2.0193925, 3.9908354, 3.9241326, 0.04363026, 3.034681, 0.8870554, -2.0352962, 0.025273852, 3.900557, 5.9284625, -0.011165614, 3.0242496, 1.9734404, -1.0445288, 0.84605116, 4.0417867, 4.042759, -2.0140705
-0.0024813896, 0.0024936735, 0.012409657, 0.012358676, -0.005079112, 0.012351175, -0.007363058, -0.0026801827, 0.0072774617, 0.0077211536, -0.0027310166, 402.7987, -3.0183818, -1.0649785, -3.0264206, 0.8911192, 2.8693702, 1.8965379, 0.87226564, 2.9068618, -3.0636563, 1.8676995, -1.0628303, 5.0118117, 1.8803682, 5.8541064, -0.96866786, -1.0491062, -2.0849113, 0.88709253, 0.9580369, -1.8988613, -0.9930298, -0.15526082, 0.055623215, -2.0169203, -3.0257957, -2.9779277, 0.882487, -1.0896474, 4.963386, -2.9771686, 0.8837147, -2.2011242, 5.9065866, 5.99271, 1.8806636, 1.0195155, -0.11374136, 4.931778, -1.0380533, -2.987063, 5.955967, 2.0488312, -0.07928393, -0.16448951, 0.06913901, 0.9007035, -1.1538953, -3.092861, -1.9658192, -1.0768931, -3.0193167, -0.061896324, 5.9176, -2.078571, -0.005175498, -0.9403924, 4.9906225, -2.9894085
0, 0, 0.014854765, -0.007592464, 0.0122815, -0.007641247, 0.0024698395, 0.014700588, 0.00017398296, 0.014919177, 0.007768783, 0.004620807, 401.75513, 1.8938402, 4.874091, 1.9696838, -3.1353185, -3.1557672, -2.9629605, 0.7573138, -1.0399301, 5.963434, 5.9393287, 0.9229527, 4.9429994, -1.1498289, -2.0871472, 4.9538016, 0.9397137, -3.1430786, -2.1934648, 5.8328347, 5.854699, 4.9431143, -2.0873933, 5.8476667, 0.040757846, 2.81341, 5.9426928, 5.914819, 3.9165883, 1.8686421, -1.9903725, -3.1318214, -3.1981366, -3.1371803, 4.8586626, 5.890518, 2.9581914, 1.060076, 3.8602002, 5.04483, 5.863431, -2.0312111, 0.7627893, 4.997957, 6.0291395, 5.813254, 5.99023, 2.0893197, 1.8127317, -0.09095878, 2.9529335, 4.8681297, 4.077182, -0.033003543, 0.7373995, 4.9304476, -0.013804877, 4.999824
0, 0.004950495, -0.007439639, 0.0024999618, 2.5275458e-05, 0.0074123796, -0.007458451, 0.005052577, -0.007569447, -0.002489387, 0.009943262, 0.0024460284, 0.009891845, 401.9588, -1.9935842, -1.9744326, 5.0297184, 2.0375354, 6.0290017, -3.0154867, 5.991257, 1.945798, 5.9574604, 4.965522, 3.0346365, 5.9741297, 3.0157015, -0.97031265, 1.0890313, -0.97516024, 0.98231405, -0.0659666, 2.981301, -3.0077631, 3.0066304, 5.9839907, -2.0943031, -3.04733, 6.0235004, 0.9329268, -1.0097536, 2.9976695, -2.8604796, 2.0112479, 5.9640837, -1.0515449, -2.1056972, 2.934074, 2.9919832, 4.9715834, 4.0030665, -0.9761924, -0.061644405, -0.12511572, -1.0079229, -2.0947697, -1.0474558, 0.94231063, 2.9369419, 2.9903986, 3.9609456, 1.9878525, 2.9509523, -2.0545936, 3.919806, 1.9990721, 5.9342966, 3.8282864, 5.941335, 4.9613943
-0.0074441684, -0.002419969, 0.005068161, -0.0049829353, 0.007435243, -0.0074075907, -0.002364854, 0.009933846, -0.00719763, -0.0049280752, -0.004751473, 0.00022820024, 0.002355591, 0.004982755, 409.00333, 2.0936308, 0.05930555, -3.0565434, -2.9818532, 1.9096471, -0.9682397, 0.07707871, -0.8958019, -0.9821619, -1.9548706, -2.0230556, -0.03540348, -0.97845995, -2.9692478, 4.9600296, -2.9594522, -3.095901, -3.0470233, 3.0120854, -3.003844, -3.024352, -0.9734992, -2.0087373, -2.9632201, -0.027912011, 1.9904542, 2.8906677, 1.1213071, 1.0213724, -2.995807, 5.9963484, -2.8911657, -2.0826077, -3.0456874, 5.034651, 6.001519, 2.1305199, 2.9303298, -2.9700403, 5.981428, -0.9478361, 2.0348973, 1.9572321, 1.9611999, -0.93149704, -3.027676, 3.0879393, 5.9839673, -0.9910919, 0.08793934, 4.995057, 0.9448454, 0.91239554, 2.0290825, 4.8885956
-0.0024813896, 0.0074441684, 0.0148731945, -0.002672769, -0.00025486053, -0.0050228634, 0.00012840959, 0.0047492473, -0.004821421, -0.007575761, 0.0024952337, 1.1811227e-05, -0.007764624, 0.012375787, 0.014917777, 406.0681, -2.0376806, 1.9144987, 5.881996, 2.9309995, 1.9453951, 2.0340436, -2.8699408, -2.9804842, 4.0333624, -0.16022544, 4.005573, 0.99882805, 0.084330834, 5.88936, -1.0004504, 4.9843183, -3.0097547, 1.9520708, 5.057733, 4.0249834, 0.9542712, 1.1268353, -0.96493846, -1.9915582, 5.0814013, -1.1846849, 4.901528, 4.9605746, 4.898312, -1.1861837, 5.1072783, 5.024189, -3.0716474, 3.89721, 4.855539, 1.1356242, -2.0710495, -0.990332, 1.8671433, -0.89954, -0.98662174, -2.0335553, 2.9061797, -1.8918349, 1.0700418, 6.0235395, -1.0702459, 0.039887972, -1.03244, 0.86201996, -1.1111032, 1.9669038, 2.9603164, -0.21326302
0.004962779, 0.012339385, 0.014750494, 0.014718414, 0.014736457, -0.0005272903, -0.005194998, -0.0054487074, 0.01208549, 0.0074438304, 0.0021867056, -0.0030126204, 0.004951854, 0.006978367, -0.0054163584, -0.0004532196, 407.67175, 0.9607003, 5.7765718, 0.8641642, 5.7791324, 2.708852, 2.7096412, -2.0835457, 0.79481024, 0.7579203, 1.9539969, 3.8480124, -2.1520941, 5.9503407, -0.21722224, 1.9480706, 4.951453, 2.8687017, 5.001316, 2.737492, 6.01431, -0.101411164, 0.70596224, -3.256655, 0.95224977, 3.915242, 0.78129923, 2.8160362, 2.9036167, -0.99649704, 4.894387, 3.7848897, -0.23950683, 0.99343866, 4.790234, 0.03942741, 4.816518, -0.13038155, -3.1407812, -2.0866494, 4.9068437, 3.936263, -1.1573045, 2.843628, 3.8365045, 5.9250546, 2.8046827, -3.1423738, 1.8729106, -1.95045, -0.15823716, -2.964894, 0.065497115, 2.941188
0.014888337, 0.009790433, 0.0022303923, 0.012318358, 0.0073997644, -0.00047575936, 0.01191778, 0.0070798635, -0.00024429255, -0.00533102, 0.0147208, -0.007815658, -0.007856502, -0.008125548, 0.009936169, 0.0046067927, 0.0046537253, 404.08713, 2.9862654, -0.07162374, 1.8738263, 5.906867, 5.949307, 2.0503058, 1.0423684, 3.9265456, -3.0422091, 1.8559324, -2.9286208, 4.932404, -2.2494078, -0.10686789, 0.04422706, 5.9567676, -0.98822415, 0.93544257, -0.24307111, 1.9809123, -2.9474442, -1.1599305, -1.9397577, 4.9362183, 0.6741014, -2.0767255, 2.9760754, 4.9308085, -3.100518, 2.9723902, -2.0416791, 3.037637, 3.8332665, 1.9809197, -3.0571885, 5.7440925, -3.1361182, 3.9691107, -0.05798878, -2.0327678, 2.9454126, 6.04625, -3.132022, -0.15923242, -1.1320591, 0.9540548, 2.9058096, 2.935713, -1.1392789, 2.9946494, 2.0959787, 5.9827576
0.0024813896, 0.0074073165, 0.014799566, 0.014773439, 0.0123040425, -0.0053694607, 0.0071511376, 0.014413511, 0.0073234183, 0.014881855, 0.0049048034, 0.0117415935, 0.009468197, 0.004277697, 0.0045577763, 0.009355344, 0.0115902005, 0.0071881823, 403.7858, 4.6491933, 1.8231173, -3.3335211, 0.71620387, -3.1593382, -1.2700148, 1.6045531, 0.8947199, 3.7761233, 1.94545, -1.2411352, -2.291237, 1.7793118, 4.811741, 3.7315948, 3.896364, 1.6702133, -3.072255, -1.1312709, 2.7637703, -1.2545997, 1.7471837, 4.8724174, 4.7123513, -2.2371705, 0.66162276, -3.1386194, -3.2476926, 4.6682353, 3.8102827, -2.102235, -2.3149893, -3.020592, -3.3259597, 2.878234, 5.7555203, -1.126022, 5.9164057, -1.2961344, -3.26074, 3.9143364, 4.7327037, -0.32673746, 1.8074111, 1.8913807, 2.7623715, 1.9368927, 3.7017846, 2.938958, 3.927704, 1.8633797
0.0024813896, 0.014833058, 0.0048780045, -0.0026844337, -0.00024733474, 0.004798219, 0.0048668003, 0.0121929785, 0.0022187699, -0.007730555, -0.00013917194, 0.0050096866, 0.012192021, 0.002191086, 0.012126892, 0.0071923374, 0.014957159, -0.0049450933, 0.0072210194, 405.85822, 1.7371413, -1.1197783, 3.9808168, 4.1617064, -1.0032696, 5.8752284, 5.887922, -3.2515519, 4.106566, 4.90545, 3.953344, 4.80404, 5.787907, 5.712924, -2.0281193, 2.7526457, 0.75508106, -1.9343861, 0.8737401, -1.1944442, 3.9341657, 4.8915243, -0.21296273, -0.96217483, 3.8875656, 5.995693, 1.8426888, -3.214428, -2.1931696, -0.18943803, 4.7610164, 5.9926, 3.663858, 4.939774, -2.1662502, 3.9334123, 5.7288504, 2.8324883, 5.778437, 4.0446663, -3.0462015, -0.10884741, -3.1913853, -3.103652, 5.742868, 5.8636694, 5.771519, 0.8787116, 2.9668384, 4.7564216
0.012406948, 0.0048583644, -0.0026721247, -0.0075413706, -0.00505988, 0.002380637, 0.0024112174, 4.8861264e-05, 0.0097479755, 0.014791158, -0.0049294163, 0.014761133, 0.012550418, -5.429701e-05, 0.0021155165, 0.014536831, -0.002404446, 0.009931807, -0.00019308187, 0.0022942398, 407.83893, 3.767287, 5.766359, 4.9379992, 4.830516, 5.8526177, -0.07998548, -0.10725271, 5.907999, 1.9363265, -0.07622377, 5.9601836, 3.913892, 0.7288081, 3.9829152, -2.2694447, 2.0529249, -1.102199, 3.8584526, 3.9262736, 4.820014, 3.0691504, 3.851974, 6.041413, 2.810559, 2.9351604, -2.231213, 5.8003597, -2.9256186, -2.2635849, 5.785315, 3.7784433, 5.8665113, -2.0361454, 4.9330087, -3.1616917, 5.908999, 5.9464393, -0.13580431, 3.9558625, 6.0240746, -1.1189891, 3.9871325, -3.1139193, 2.8187685, 0.9268096, -0.12043727, -2.0665922, -0.17858456, -1.0375144
0, -0.004950495, 0.0024880506, -0.007450998, -0.0074822977, 0.005124442, -0.007206805, 0.015110729, 0.014900843, 0.0027671608, 0.004958448, -0.00773176, -0.0027135417, 0.009928632, -0.007335081, 0.00017271616, 0.0072530443, -0.007924573, 0.014787264, 0.007430895, 0.009103787, 408.07635, 0.9019643, 2.0810723, 2.8949244, 1.7495104, -1.2770672, 0.97046995, -3.2162194, 4.9560537, 5.955983, -3.146639, 4.776473, 1.8099968, 5.7116547, 5.76917, 1.9692152, 5.986307, 1.8958329, 5.972243, 2.94624, 2.8472252, 3.9669619, -0.16041148, 2.809149, -2.873612, -1.0699276, -0.08455926, -0.13191628, 3.9345927, 4.9050446, 4.9112935, -1.0739808, 2.0360916, 3.80144, 1.867979, 5.810252, 0.89344895, 1.9405415, 0.81912225, 1.783434, -3.153272, 2.892604, -0.06516277, 1.9133275, -1.096641, 1.8304514, -3.1317656, 2.8323653, 3.9924426
0.0024813896, 0.0074073165, 0.012323772, -0.00017184316, -0.00021618107, 0.012231944, 0.01467325, -0.0028829426, 0.0071018944, -0.005206452, 0.009639191, 0.0022348585, -0.0003419999, 0.014706973, 0.009901008, 0.009420785, -0.0076854248, 0.0022702785, -0.0076405676, -0.0023115694, -0.00039245226, -0.007939008, 408.8826, -3.0248313, 1.8918931, 0.92481524, -0.016182497, 3.8451693, 2.0886693, 0.9226507, 1.9820957, 1.8907186, 4.031471, -0.0027445978, 0.06353099, 2.885742, 5.9232903, -1.8286725, -0.156242, -1.119269, 4.0695124, 1.0051427, -1.1714137, 4.910956, 3.802538, 3.8737233, 1.8470589, 1.040431, 0.89051175, 2.7855551, -0.28007132, -0.072991505, 5.9277606, 4.9776883, 2.9250665, -0.03171529, 3.0551615, 2.9506805, -1.2256806, 5.0790772, 2.065234, -1.1386625, -2.9904456, -2.1558506, 5.7743, 4.7737956, 2.8351588, 4.890112, -1.0650945, -2.0754862
0.014888337, 0.012265681, 0.01212744, -0.0052376953, 0.0096741095, 0.00446435, 0.014493057, 0.004518547, 0.0046441867, 0.0070348973, 0.002466395, 0.009675522, -0.00037524966, 0.0020397324, 0.00714821, 0.01183088, 0.004644025, 0.012255086, -0.0052998518, 0.002112293, 0.0017018287, 0.006552888, 0.0017753312, 405.9467, -3.1055496, -3.2191157, 3.916704, -3.2614002, -0.9448212, 2.7028105, -3.2870357, -0.13765684, -3.1745563, 2.7652175, 3.9655402, 2.648467, -0.18064287, -0.085529655, 0.8281214, -1.2421374, 0.9279158, -2.1205876, -2.3227582, -1.0681016, -1.3271706, 5.8254623, -1.2436024, 2.8023767, -3.007125, -2.2378871, 2.533557, -1.1452013, 3.7561524, 0.7555277, -1.1434615, -3.08471, 0.8821489, 0.8511017, 3.801455, 2.0287004, -0.06861811, 4.90176, 0.92560387, -3.1434307, -2.2474005, 1.8215035, 5.662049, -2.0171254, -1.0586966, -0.15909334
0.0074441684, 0.009845711, 0.012244014, 0.009767859, -0.005182375, 0.002261976, 0.0072981436, 0.0046171434, -0.007468912, 0.0072609675, 0.007422536, 0.009476699, 0.014471212, 0.0069759535, 0.009875033, 0.004721586, 0.007195088, -0.007425069, 0.0021587717, -0.0029548735, 0.009715214, 0.014173277, -0.00042560918, 0.0069681113, 5.78345, 1.726045, -1.9410675, 3.83331, 0.9966994, 0.87827307, -0.23117027, 0.85678554, 4.7049923, -2.1693857, 1.9033022, 0.7867905, -1.1982877, 1.9652311, -3.2991998, 2.7194624, 5.789592, -2.1142714, 1.7122829, -1.1515415, 4.746, 409.90222, 1.7559155, -3.229075, 0.922279, 2.9051619, -2.313005, 0.90750784, 3.7176545, 1.9886717, 1.7300764, 0.9924336, -3.1940033, 4.610879, 0.770429, 6.027034, 5.7605968, 3.85775, -1.1930127, -2.9889462, -0.26888213, 2.8940942, -2.2925806, -1.9670126, -3.1164844, 0.8221097
-0.0024813896, 0.004968921, 0.0025003527, -0.0075438553, 0.004861936, 0.0049049864, 0.012255239, 0.012247128, -0.0026278358, -0.0077031343, 0.0025071523, 0.0051325415, 0.012084818, 0.0122518875, 0.0024526264, -0.0050486177, 0.00745654, -0.002537883, 0.0149969775, 0.007206824, 0.014219261, 0.004695748, -0.0054900306, 0.014542613, 0.021510575, 0.8369294, 1.8308339, 2.8546033, 0.027726399, 1.9051404, 3.9862843, 2.6754656, -2.391646, 4.8095846, -2.2076752, -3.2800741, -1.1134973, 1.0791593, 2.7006543, -3.249272, -0.11027902, 5.770368, 5.9405427, 2.0986614, 409.8293, 1.9329021, 6.0248895, 0.728842, -2.1341112, 5.0039716, -3.304194, -3.0767279, 1.6732574, 3.8968787, -2.1455336, 4.0454836, 3.6194837, 4.718389, 3.7736137, -0.09958689, -2.2245412, 4.9601183, 2.8185897, -0.031503234, 0.71225715, 2.7997375, 0.5470426, 0.8795012, 1.8889682, 2.7304208
0.014888337, -0.0050610523, 0.0047429553, 0.0074599, 5.3927342e-05, -0.0051953336, -0.005044003, -0.0049775844, -0.007193617, 0.0025088103, -0.004841009, -0.00763413, -0.007336632, 0.009719373, -0.0021416533, 0.015007215, -0.005050705, -3.223511e-06, -0.0004975885, 0.014751215, -0.0075493413, -0.002350889, -0.0073775914, -0.00011821739, -2.0046515, 2.8839183, 0.8756076, 6.128324, 1.8299837, 0.93374395, 3.8949203, -1.9522268, 4.115745, -0.0109522855, -2.918341, -1.0814385, -1.8980767, 1.0215554, 3.0224223, 4.092001, -2.9688246, 2.9190884, 1.9238, 402.9465, -0.020908557, 6.059844, 4.958791, 4.0027385, 3.127451, 4.995903, 1.9204068, 5.031654, 4.2006106, -3.0678976, 5.1393595, 5.960847, 0.21546073, 3.093048, 2.917457, -1.9745052, -0.98989546, 1.9648774, -1.9287643, -0.8945687, -1.8809644, -0.029182717, -1.0276442, 1.0220737, 1.9150017, -3.0775611
0.004962779, -0.004987347, -6.137327e-05, -0.004950072, 0.012506, 0.01218098, 0.014497347, 0.014749637, -0.00021701018, 0.009843714, 0.005150564, -0.005198134, 0.009395573, 0.0045461077, -0.0026828698, -0.002858521, 0.0072224163, -0.00750126, -0.0069872187, -0.007461614, 0.006895761, -0.00038572383, -0.005583239, 0.0072632576, 3.0067706, -0.87657154, 2.8570664, 5.8621325, -1.9922827, 5.941129, 3.850502, 2.8151367, 3.8216283, 2.0861382, 2.844871, 2.739119, 1.8645701, 1.862395, -3.2306297, 3.6858535, -2.00594, 6.0329046, 405.1376, 2.8751016, 3.9413843, 0.15056133, 1.767408, 0.85036296, -3.0333507, 5.08093, 1.781296, 0.8910111, 3.8134959, -1.9685832, 1.9344931, 0.97059155, 1.0319067, -3.3092146, -3.0953414, 4.0477333, 3.6607292, 3.81591, 5.8376813, 2.843994, 6.0386972, 2.9465945, 3.654241, -3.0732362, 3.0741098, -2.9446175
0.012406948, 0.0023831166, -0.0001902024, -0.002547252, 0.0024528627, -0.0002247186, -0.005041042, 0.0025152594, 0.014727044, -0.0025014107, 0.012274533, 0.01212682, 0.015092419, -0.0027323135, 0.0022336277, -0.00023325258, -0.0076268576, 0.009944021, -0.0022753605, 0.014865479, -0.0002590298, -0.0030541064, -0.007993619, 0.011941642, -0.10668478, 3.7834115, -0.14337045, 4.0269685, 0.954031, 2.9509442, 2.9684348, 4.8892665, 0.05361234, 4.670174, 3.0207586, 0.786322, -0.8807487, -2.0845056, -3.0506616, -1.1188998, -2.094895, 402.9298, 2.953447, 6.170841, 3.96969, 0.73755574, -0.1369409, 4.9005923, 0.025837293, 2.8252141, 5.7034054, 1.785717, 1.7375644, 5.794488, 3.9673848, 2.7114584, -2.2343636, 1.9852159, 5.7356887, 3.8933866, 0.09800376, 4.899339, 4.92808, -1.1976773, 5.7888656, 0.96522105, -1.1172539, 0.86840785, 4.8522987, -0.0977584
0.0074441684, -0.005005773, -0.0025739823, 5.0536673e-05, -0.0073927552, 0.007474984, 0.0097859, 0.012462903, -1.63597e-05, 0.007440203, 0.0075413208, -0.0052878917, -0.00045267006, 0.0071911234, 0.010016163, 0.014701917, -0.0048712795, -0.0075058825, -0.0023274657, 0.009850042, 0.0071300003, 0.002459977, 0.014438786, 0.007320156, -3.0844553, 3.8984213, 4.774036, 2.997805, -2.1300182, -3.1523638, 4.8238826, 5.815526, 1.8582729, -1.0631733, 4.8638716, 2.7848706, -2.1945531, -2.9664624, 4.9428444, 5.91748, 407.79514, 3.9906135, 3.9483585, 0.7400656, 5.7502465, 2.883827, 4.7929, 5.9956527, 6.1133833, 2.8683436, -3.233636, -1.2415814, -1.1260341, 3.9519396, -2.2103596, 3.9256175, -3.0364194, -0.2512541, 2.8068273, -1.0648481, 5.8248944, 2.7445607, 1.9988289, -1.9226931, 0.8414378, -3.330094, -3.328294, -3.1852283, 2.856261, 2.0187545
-0.0024813896, 1.8426159e-05, -0.0073905676, 0.0025549862, 0.015048778, -0.0051154713, -0.005094271, 0.0074849734, -0.004970464, -0.004971021, -0.0073395143, 0.010203417, 0.0027512393, -0.007547777, 0.0023356024, 0.0122871455, 0.000109842724, -0.0048220484, 0.012454035, 0.009293204, -0.0048918664, 0.007596993, 0.010038039, 0.014988728, -1.8846365, 0.025528282, -2.230758, -1.970943, -2.9702024, 1.8120627, 5.969463, 3.902832, 4.0071635, -0.13597225, -1.1460168, 2.811412, -0.00038130165, 4.95684, -0.96891886, 401.95712, -3.289462, 1.975845, 0.012698559, -1.9620638, 3.979002, 2.897439, 5.0604835, -1.2305541, 5.031615, -1.0207099, -2.0458395, 2.1163645, 0.769455, -2.2295258, 1.8949742, 4.0362744, 5.808846, 0.010385142, 5.927003, -2.0561106, -3.0769887, 5.984583, 2.9580173, 4.0702496, 4.9579, 5.9594207, 4.7781157, -2.101292, 5.9638815, 0.9631789
0, 0.0024752475, 0.009897049, 0.004889521, 0.0073765083, 0.0047521717, -0.0050084386, 0.012235415, -0.00250621, -0.0024092512, 0.014900187, -0.007840879, 0.0069931215, -0.0004311926, -6.3539475e-05, 0.014706416, 0.01460557, -0.00030130445, 0.0021275526, 0.009420802, -0.0054032253, 0.004584018, -0.0074843853, -0.004764888, 5.913398, 2.8463235, 0.85500336, 5.8814607, 0.075061105, -0.29854193, 0.85443026, -1.2652832, 2.8645964, -3.2058864, -1.1414096, -1.2450277, 3.81526, -0.15270722, 406.9976, -0.104690686, -0.058091816, -2.250635, 5.9134345, 5.829953, 4.8106666, 0.0347904, -3.3054388, 4.8643527, 5.914253, 2.9481144, -2.2936387, 1.9704335, -1.0644314, -3.1407611, 2.89698, -0.18920662, -1.1135947, 0.8578377, -1.2251115, 6.001727, 3.8483384, -1.2196467, 2.8919084, -1.1510981, -0.05119237, -1.046675, -0.1436428, 4.842538, 1.9218701, 1.7914765
0, -0.0024752475, 6.1282035e-06, 0.0025185999, -0.0049437266, 0.014932726, -0.00737817, 0.012514148, 0.0023664306, -0.0047556227, 0.012326259, 0.0071226154, -0.00015909257, 0.012280838, 0.0126077, 0.004914998, 0.012024909, 0.0120423995, 0.007130108, -0.0050416617, -0.005465681, 0.011909785, 0.0071217124, -0.0047890553, 0.9017376, -0.23699693, 0.9652666, -1.1299572, -0.7719875, -2.2989526, 5.965025, -0.93505627, 4.918372, 0.8124665, 4.8096857, -1.1916779, 5.8356066, 400.98715, 6.0612583, -3.057483, 2.9534874, 0.791303, -1.0157299, -0.14950964, 1.687348, 5.9353447, 0.8824858, -3.0786254, 3.9139566, -1.4196396, 1.7609513, 2.9942522, -3.0590093, -3.1933968, 0.83976126, 1.769266, -2.0963788, 4.9111104, -1.1474032, 0.86274606, 1.9235628, 1.8236791, 3.8693457, -0.1072358, 0.726951, -1.1636605, 5.881439, -2.2750027, -3.3111336, -0.20631064
-0.004962779, -0.004913643, 0.0025616805, 0.015006037, 0.0050998363, 0.0048986203, 0.014583713, -0.0077455495, 0.0047736806, 0.007498328, 0.009714947, -0.0004243603, 0.009745036, -0.0052252887, 0.009574277, 0.01412167, 0.011919257, 0.0025664347, 0.007273435, 0.014383396, 0.0073462497, 0.0018133153, 0.013861682, 0.0046500238, 1.741651, -3.0792398, -1.0935451, 0.7852913, 0.9213566, -0.36831197, -1.067354, -0.33563983, -3.2672455, 0.8053183, -0.19518706, 3.8152857, 409.84833, 4.0212483, 1.7844162, 4.9734087, 3.578244, 0.81886524, -2.2413595, -0.30527216, 2.7487068, -3.1897075, 3.735534, -1.1513186, 3.0442953, 1.9840759, -0.38911435, -2.3091612, 1.7835996, 1.8896016, 3.8109426, 4.9774513, -0.35620922, -2.3146257, 0.8135648, 1.6844748, 0.76602834, -0.37370163, 5.960438, -0.94286627, 2.6445184, 1.7507961, 4.80287, -0.047991794, -0.105722085, -3.0815074
0.009925558, 0.012302533, 0.0022978939, 0.009811219, 0.00735495, 0.014445847, 0.004554191, 0.0071050907, 0.009368447, -0.00017844219, -0.005273096, 0.009665576, 0.014949933, 0.009376556, 0.012012311, -0.008008673, 0.009441515, 0.0026549783, 0.0023622522, 0.012099009, 0.013802157, 0.0064482875, 0.0012026321, 0.011924162, -0.089649014, 1.6506681, -1.186748, -2.2000291, -1.0689002, -3.209895, -3.215695, 1.8845047, -1.3066914, 4.6014447, 4.9849463, 405.60504, 3.792003, 2.0680263, 4.605511, -2.4758878, 2.797633, 4.843018, 2.7942376, 2.9525824, 5.8181524, 3.8343778, 2.9131498, 3.7026594, -3.158817, -0.22817631, -2.4868445, -3.2008424, -3.594407, 1.7607167, 2.847111, 5.787505, 4.5962577, -3.3655136, 0.5767193, 0.7197802, -3.1484113, -1.0917222, 5.6744576, 0.958178, -3.5005488, -3.2548025, 5.525705, 3.9489615, -1.0779722, 1.7140094
0.012406948, 0.014759354, 0.009682333, -0.0052381773, -0.00030740115, 0.009593492, 0.0047907582, -0.00029681815, 0.01199166, 0.012180462, -0.00014352144, 0.0071165734, -0.0026852333, 0.0122167, 0.007090596, 0.0070094615, 0.011864246, 0.0047145183, 0.009246717, -0.00028006706, -0.008466706, -0.0054251277, 0.014090347, 0.015084654, 1.9816276, -3.1634355, -2.2132707, 3.7614977, -0.023501124, 2.7970042, 3.8842585, 0.98914707, 0.84013724, -3.3008785, 401.89392, -2.4160085, 2.8481543, -2.938635, 0.76649565, 0.9946204, 0.95888925, -2.0489178, 5.8087764, 1.8932843, 4.6708794, 0.79663587, 1.7511535, -2.2163262, 4.894325, 3.7278824, 5.6908045, -1.9864653, 1.7241982, -3.2122204, 4.862405, 4.9890428, -1.1420162, -2.0994895, 5.8540974, -2.1588264, 2.9275618, -0.27906618, 1.9173704, 5.9410543, -3.2824101, 4.7376804, -0.45950258, -3.0828304, -2.1239247, 5.8969154
0, 0.0024752475, 0.007421254, 0.0024140028, -0.005079961, 0.002485372, 6.346564e-05, 0.00487194, -0.0024333186, -0.0024822832, 0.012373973, -0.0027485704, 0.0071108816, -0.0026808723, -0.0023569656, 0.009877666, 0.0050011035, -0.005135773, 0.0072785225, -0.00762676, 0.009799044, 0.014512025, 0.0122671835, 0.0026389603, -2.2096004, 2.889029, 6.0502996, 0.80897045, 5.007034, -0.113766395, -1.0896717, -3.2016299, 3.787703, 407.9034, 0.7536037, 4.8415346, -3.2439308, 5.907414, -2.0883396, -2.1233523, 4.8359904, 5.873235, 0.7983694, -0.210458, 3.8076954, 1.0240918, -3.1856349, -1.1794211, 0.9320848, 2.9521465, -2.160212, -1.0586729, -1.1093767, -2.0532823, -0.27862754, 1.9846607, 4.7711473, 0.80964583, 4.9457593, 3.9465868, 2.7601275, -1.0714552, -1.067247, 0.9539306, 0.852264, 5.952109, 1.9310371, 1.9201976, 2.9507773, 0.98003274
0.014888337, -0.0025858043, -0.007642143, 0.01251533, 0.01264098, -0.0028914537, 0.006941584, -0.00758737, 0.004764749, -0.0076315687, 0.012212829, 0.00724144, 0.010257168, -0.00043210288, 0.00490866, -0.00042224527, -0.0078577325, 0.007878845, -0.007200453, 0.0076134275, 0.0025216085, 0.004210751, -0.008161945, 0.009169466, 5.8871803, 1.9323038, -1.017909, 3.0104802, 5.0364175, -0.01952354, 5.8961325, 3.950803, 408.138, -3.021159, 4.012649, 1.883924, 6.094787, -2.0575893, 3.9110036, 5.793202, -3.0972397, -0.033970665, 2.8904786, -0.88109684, -0.92127794, 4.863274, 4.98693, -2.0906277, 3.0834699, -3.0598564, -1.292131, -2.2026172, 0.86693454, 0.75671667, 0.05165855, -0.114443876, 0.8428997, 3.0060496, 5.8421516, 1.9061052, 2.9459865, 2.9264266, -2.1279063, -0.07082272, -2.1794853, 1.0648197, 1.9590087, 0.98970264, 5.9418755, 3.9498987
0.014888337, -0.0025858043, -0.005166349, 0.014990848, 0.0051478297, -0.0052800453, 0.0021358042, 0.0024225803, -0.007373895, -0.005084083, 0.007450415, -0.0027062823, -0.0024520631, 0.0069833463, 0.0028388784, 0.0098998435, 0.009529878, 0.00020288485, -0.005336434, 0.007412009, 0.009577871, 0.014382834, 0.01174224, 0.007014593, 4.850985, 1.7719871, 0.88961196, 3.9788623, 0.9485605, -0.20512287, -2.269669, 403.88876, 1.9154506, 3.9908872, 4.807882, 0.78440106, -2.2445266, -3.0338058, 5.9599075, -1.1283011, 0.8051548, 1.8354589, 2.8337367, 4.777673, -2.1784718, 5.9127717, 2.9268534, -1.1948305, 4.124153, 2.9115145, 3.6841316, -0.11272108, -1.181844, -1.2720103, 2.960512, 3.0123844, -2.1611598, 0.83668387, -2.1095026, -3.1703792, 0.71336484, 3.8661306, 3.870487, 3.2145755, -0.18659481, 5.9596543, 0.84901345, -1.0163672, -0.075203635, 5.9143248
0.0024813896, 0.009882564, -0.0050129155, 0.0024265028, 0.012407706, -0.00028266732, 0.014465996, -0.005259443, -0.00035375133, -0.0028854162, -0.005098936, -0.007197066, -0.007469765, 0.014796706, -0.0050131483, 0.009638911, 0.012055029, -0.0023545923, 0.0068288827, 2.0338963e-05, 0.009046774, 0.0021995767, -0.003024104, -0.0074898223, -2.0341213, 1.9361186, 5.8686104, -0.17460944, 3.9727464, -1.0461899, 406.85416, 2.8200712, -1.201345, -0.8896274, -0.19207595, 1.7827427, 4.876007, 1.0621665, -3.2546813, -1.1238998, 0.99313897, 2.910634, 1.7662746, 2.918064, 0.8367164, 4.1970716, 6.049282, 4.769128, 5.905807, 4.0311317, 1.809026, 1.982226, 1.0064363, 5.8968134, 6.0176287, -2.7727144, 1.8350804, 4.0181236, 1.034443, 1.9103638, -3.2674603, -3.0521088, 5.8511767, 3.086649, 2.8574572, -0.99628353, 2.8105974, 3.0632575, 0.0050426912, 5.89487
0.014888337, -0.0025858043, -0.007642143, 0.005033472, 0.0051216204, -0.0076937447, -0.00024159251, 0.0025551566, -0.002405586, -0.000103567065, -0.0048620133, 0.00994313, -0.0021802047, -0.00023772486, -0.0022508104, 0.014839921, 0.002391204, 0.00014885672, -0.007693251, -6.2744504e-05, -0.0074529494, -0.0049862005, 0.009877198, 0.0148364045, 4.0192657, 2.0064225, 3.8375409, -0.94794375, -0.028122697, 400.9717, 2.9280481, 1.0319986, 2.2117417, -0.9855712, 3.9687586, -0.14276852, -2.031268, 1.0086861, 1.0804348, -2.9293766, 2.8909576, 1.1588995, 4.0063243, 0.98735523, -2.0225463, -1.0879029, 2.9072478, -2.1627781, 4.143669, 4.9092717, -3.0210898, 1.0960315, 2.8526766, 3.837992, 5.1354704, 5.0382714, -1.8660984, 0.061079457, 5.9824595, 2.027219, 3.9596994, 5.858297, -0.94364965, 0.12859128, 3.0289853, -0.94600856, -0.056738406, 5.9796386, 1.0080947, -0.87414515
-0.0074441684, 0.009956269, 0.009989108, -0.0076369913, -0.00026283864, -0.0049197483, -0.0071711075, -0.002572299, 0.01479029, 3.8580132e-05, -0.0026536963, -0.007411916, 0.014931989, 0.002610328, -0.0031023198, 0.014710276, 0.0050402596, -0.0051581967, 0.0094691105, 0.012097201, -0.00051893544, 0.007143939, 0.007186799, 0.00036223343, -0.21967086, -0.12622944, 3.8166463, -1.1723431, 403.8593, 5.8550396, -1.9946767, -0.27305457, -1.2754111, 0.6346557, -1.1694603, 5.6180115, 3.9551253, -2.0948677, 5.7969265, 2.9457455, 1.7850161, 2.810482, 5.811932, 4.9345717, -2.128111, 1.0383395, 4.8604593, -2.2062988, -0.163362, -0.13155286, -1.2748195, 4.8228946, 3.8000562, -2.965792, 2.7903018, -3.0762591, -0.4282261, -1.0448251, -1.2234145, 2.8265047, 0.9823188, 1.9266545, 3.9040716, -2.0974462, -0.16528124, -3.0843995, 0.88641757, 5.919323, 3.938208, 3.772601
0.009925558, -0.0050241994, -0.00013500295, 0.0025203244, 0.0075579835, 0.014619501, -0.0076212375, 0.0024999348, -0.005078095, 0.015070725, 0.005153438, -0.0053956374, 0.0048096566, 0.014621485, -0.00010098384, -0.005047721, 0.009344111, 0.0048546377, -0.0076003284, 0.0024702926, 0.009176148, 0.011632288, 0.013534642, -0.007815426, 4.84169, -3.1955185, 5.96155, 402.91357, 1.8939726, 3.7511728, -0.2802852, -3.0056593, -3.290433, -1.9951625, -2.1071491, 3.720492, -0.19840251, -1.1620795, -2.1932385, -2.2227445, -0.1018711, 0.7801717, 1.1741749, 4.646395, 0.72351915, 2.0009239, -2.2343712, 2.8502, 6.0601277, -1.1636322, -0.3392685, 0.84565705, 4.829539, -0.18710218, -2.0807958, -0.16086651, -1.056154, 4.6700664, -2.0654879, -3.2577305, -1.3294128, 2.963121, 3.8440702, 5.9920077, 0.8370689, 3.875356, -1.2754624, -0.15482335, 4.8758693, 2.9125266
-0.004962779, 3.6852318e-05, 0.0075010117, -0.0025377946, 0.009886544, 0.007330875, -0.004953312, -0.0050959247, -0.00010878416, -0.0024067485, -0.0025131647, -0.002439827, 0.014985827, 0.014908031, 0.011927519, 0.004702917, 0.0023058387, 0.014820583, 0.002222273, 0.004787762, 0.009351446, 0.009036539, -0.005763815, 0.014490204, -1.1119199, 4.9236956, 409.92868, -3.065102, 4.0609455, -2.3722355, 6.1467156, -0.12329265, 5.870699, -1.2755884, 5.8697557, 3.7278945, 2.0411525, 2.944744, -3.2222652, -3.18722, -0.13330987, 4.689234, 6.035182, 5.940179, -2.0916088, 4.840837, 5.0519, 3.7065284, 1.04308, 5.8189383, -3.539999, 3.8590398, -0.20280035, 2.9635086, 2.9142187, 1.9612507, -0.2604526, -3.1675007, 5.6614704, 0.76310194, 5.9476976, 0.92935956, 2.7517416, -3.0520093, -3.1326032, 4.8128147, -1.2322947, 0.8981982, 0.8576566, -3.402844
0.009925558, 0.009827286, 0.014682993, -0.00023211609, 0.014692015, 0.011871469, 0.009523474, -0.0029975846, -0.00036902173, -0.0053037563, -0.0075871525, 0.014869457, 0.012446862, 0.0020632672, 0.0047343387, 0.004331178, -0.005046053, -0.00490655, 0.004982918, -0.007806945, 0.0069774045, -0.0031489634, -0.005289888, 6.378905e-05, 3.95327, 401.96213, 0.037921093, 0.7033927, 3.0128834, -1.0257223, 3.9527454, -2.1026373, 4.9254375, 0.9142382, 6.1238885, 1.8313602, 0.9750387, 0.09634258, 1.6668123, -2.3805397, -2.0484695, -2.0112493, 2.7601926, -2.9556487, 0.9769676, 4.05626, 2.8782125, 1.7372055, 4.8204117, 1.8982605, -1.2519444, 1.0935417, -1.3148131, 2.9334664, -3.1388159, 3.980138, 2.9283948, 4.8534517, 0.8548919, 4.1476903, -1.074757, 0.14216259, 5.880408, -3.255973, 2.8060668, 5.9373536, -0.21024127, -3.0141397, 0.061100725, 1.939939
0.012406948, 0.0073336116, 0.012176511, 0.014768951, 0.0073437016, -0.0079059675, 0.0046621882, 0.0020758528, -0.007381517, -0.00022632847, 0.007420678, -0.00039828577, 0.009670709, 0.004317185, 0.0024942488, -0.0050657126, 0.0045348746, 0.010072302, 0.014543213, 0.014287767, -0.0051496895, 0.009419912, -0.00803318, 0.00695325, 407.95135, 0.6784477, 6.006526, 4.8611145, 3.9802098, 2.894094, 2.762287, 4.8668137, -0.25535187, 1.7134223, 2.0323925, -2.2544763, 1.9707276, 5.9246063, -3.1882153, 5.8061466, -1.0407355, 0.65150094, 2.7260497, -0.8897072, -1.0941654, 4.8994093, 1.9713039, 5.7993894, 0.87068844, 0.06486602, -0.2557332, -3.0181255, 2.916505, -1.3265357, 3.9302666, -3.1281617, -1.2230309, 2.8445795, 2.767957, 5.857911, 1.848542, -1.0304072, -3.1384304, -2.0340261, 5.7685246, -2.0883415, 1.6893107, -1.0281789, -3.085848, 3.6396787
0.014888337, 0.009790433, 0.0121335685, -0.0002251428, -0.00024426996, 0.004604708, -0.005028927, -0.002696253, 0.014639316, 0.012382772, 0.0048167272, 0.006897853, 0.014884597, 0.014580381, -0.00039644833, 0.0070776152, -0.0029831748, 0.004759265, -0.00050813257, 0.0072608264, 0.0016756234, -0.0008919329, -0.003443317, -0.005295485, -1.3071406, 1.6169173, 1.9079492, -3.1535268, 1.8001665, 2.9442954, 1.8021142, -1.0961962, 5.8279223, 5.705399, -0.984629, -2.3815596, 0.053154457, 1.9118147, 3.6756997, 3.7840242, -1.0986016, 1.8753786, 5.79689, -3.0943763, 0.73886967, -0.04994337, 401.70578, 0.7862628, -3.126767, -1.2748399, 2.6227703, 1.811809, -0.20703185, 2.9133508, -2.151139, 4.7496934, 5.8513317, -0.13512418, -3.2565837, -3.1229918, 2.923035, 2.8918712, -1.1381545, 3.7796533, 4.7191133, 4.9218965, 4.7879095, 1.8881285, -0.19787104, 4.8449225
0.012406948, 0.0023831166, -0.0001902024, -0.0075351577, -0.0050537456, -0.005039674, 0.012270838, 0.002454933, 0.0123299835, 0.01221799, -0.0049357335, 0.0073337494, -0.005040499, -0.007525691, -0.0050388416, 0.014604657, 0.002525813, -0.0050338437, 0.0048269103, -0.005085488, 0.002171927, -0.0073656463, -0.0024105818, 0.012538511, 4.959384, -1.9749279, 1.8255932, -2.0755196, -1.144559, 2.0465157, 0.9584757, 2.9403927, 0.04045732, -3.1011126, 3.8415575, 1.8549712, 1.0342479, -3.022294, 1.916996, -0.9370736, 0.91352695, 4.2178054, 0.7386794, -2.9916015, -1.0737281, 3.0305204, -3.1542132, 402.86163, 2.0684857, 5.016157, -1.0155501, -0.059923727, -3.0490432, 3.0849473, -3.0681167, -0.89930004, 2.0127418, -1.9686126, -1.9364861, -2.9142497, 4.919164, -0.22983843, 6.0344787, 0.9941036, -1.9470798, -0.97403467, 3.908788, 4.145423, 2.0085685, 4.220571
0.004962779, 0.002438395, -0.0025555522, 0.002476279, 0.009982561, 0.0022354592, 0.0071353456, 0.012279257, 0.014571899, -0.0075565963, -0.007653262, -0.0049434467, -0.0049375333, -0.005313617, 0.0023089785, -0.005265488, -0.0049802726, -0.004838051, 0.00041873983, 0.014834708, 0.006896669, -0.00730227, 0.0022141656, 0.0075503355, -0.8842738, 2.9250631, 0.7133378, -3.022771, 0.84480035, -2.999009, 5.8850446, -0.110689804, 4.0029736, 2.838299, 4.0560775, 1.8632733, 0.93242246, 1.0994453, 0.949889, -3.2310312, 4.9665728, 6.0263114, 3.888393, -0.9651412, 6.0908065, 5.9604893, -2.8813148, -3.0028653, 409.9008, 6.036345, 3.9130201, -2.091029, -0.28759602, 4.8600187, 3.941989, 4.8778777, 4.860583, 5.969324, 5.821582, 0.89576715, 0.002828169, 5.9984627, 3.9148166, 2.9746397, 4.883142, 3.840898, 3.7835736, 2.9768538, 1.1419129, 6.0253983
0.0074441684, -0.0025305261, -0.007531699, -0.0024311943, 0.015056473, 0.009635186, 0.014391464, 0.0098127, 0.0021501926, 0.0022881234, -0.002423039, -0.0024571929, 0.012276831, 0.01204134, 0.007102479, 0.014321445, 0.0146475695, 0.01002315, -0.0025895834, 0.014691309, 0.011281663, 0.0016402878, -0.008630441, 0.009492615, -2.0596952, -0.09442689, 3.658472, 2.8590906, 5.993125, -1.3721385, -2.1037374, 0.6650801, 3.7469716, 1.7648495, 5.7793427, 4.5365667, 3.8586526, -3.0583363, 3.7415862, 2.7194934, -1.2004414, 5.8002625, 2.9678624, 4.919811, 0.7890243, -0.023101062, 2.8398385, 0.6485163, 5.099475, 402.85303, -1.6086813, -3.318505, -1.2982125, 3.842525, 0.021984536, 5.9104133, 3.744069, 0.72530025, 3.641604, -3.2071495, 4.7429433, -0.29496092, 2.7618947, -0.015825935, 3.7731988, 5.7699814, -1.4354843, 4.859029, 2.8678367, 5.705073
0.014888337, 0.004839938, -0.0051847333, 0.0074350494, 0.014991605, -0.0054432834, 0.01431151, 0.009677599, -0.005115401, -0.007873322, -0.0049515795, -0.007331732, 0.009862565, 0.014278384, 0.009786072, -0.005133761, 0.009694868, 0.015342487, 0.014757801, -0.0050947242, -0.0056382925, 0.009407834, -0.0008442757, 0.009859464, 2.083, 4.9395742, -3.0672615, -2.2746608, -0.86642504, 2.9770977, -3.1185148, -3.0518959, 3.8016949, 1.834175, 5.9361153, -1.4101135, 0.89678234, -2.0518932, 5.820857, 0.6812544, 6.0610385, -1.2635604, 5.843082, -0.79890466, 4.0546284, 1.1318676, -0.81113786, -0.36640596, 0.84057355, 0.92980933, 400.7323, 6.0119367, -2.1057394, 5.6783533, 3.9834566, 3.977977, 2.7966528, 5.9364896, 5.828364, 5.810321, 0.7354901, 4.957731, 0.6764976, 5.9680676, 2.8100877, -2.1044955, 2.6263814, -1.1577628, 1.9839106, 2.6017518
0.012406948, 0.012284107, -0.0076420973, 0.0073852735, 0.0124293445, 0.0044905986, 0.0069350456, -0.00025188914, 0.0044685844, 0.00963216, 0.009801546, -0.0052553997, 0.004815296, 0.011976323, 0.006952095, -0.0053714747, -0.0006056951, -0.00708389, -0.0024785069, 4.7159836e-05, 0.0018484336, 0.0019965738, -0.008274417, 0.01430851, 2.0370579, 0.9895765, -0.17048167, -1.9887645, -3.0156956, 2.0410755, 5.7681894, 3.9770696, -3.02605, 3.0330198, -2.087389, 3.7279131, 0.97707576, 5.8981514, -2.274676, 0.7188426, 2.0109892, 6.047349, 3.973502, -3.0263164, 5.9888225, 5.9524426, 5.9322276, 0.8538525, 2.9602365, -1.9683033, -2.2530894, 405.89438, 4.845096, -0.14090782, -0.095965356, 0.046779793, 3.8795862, 1.8975651, 4.8694496, 1.9188807, -2.2408128, 5.7781887, -3.3211849, 4.9663205, 2.9199295, 0.98145175, 5.5906835, 0.0077377427, -1.0066465, 0.9507191
0, 0, 0.0074273823, 0.007426555, 0.0074449796, 0.009719753, 0.0047470136, -0.0052478174, 0.014547368, -0.0074181864, 0.012027486, 0.014537873, 0.015024064, 0.014663838, 0.004825598, -0.0054934225, 0.004185868, 0.0073022037, -0.0026125782, 0.007509791, -0.007757046, 0.008902331, -0.005794385, 0.006869818, 4.78649, 3.7950666, -1.0453513, 5.8509865, 3.158237, -2.1872625, -1.0565372, -2.0324745, -0.09674825, 3.8116171, 1.9256148, 4.689384, -0.9485811, 0.018560197, -0.27210256, 0.77659965, 2.904114, -1.1504183, -3.0714061, -1.9358708, 1.8245476, -2.1251023, -3.145613, 5.942366, -2.189513, 4.698381, -2.4073377, -2.171612, 407.7397, -2.1724398, -1.0018314, -0.22907978, -1.258792, -0.11486055, -3.3321352, -2.159023, -0.9909382, 3.8530254, -3.1255147, -1.2062232, 4.5962563, -2.0628486, -1.1846246, 1.9147182, 5.7897353, 4.7618866
0.014888337, -0.0075362995, -0.0076298863, -0.007386997, 0.010107125, 0.009660438, -0.00028057472, 0.0150524, 0.0023506559, 0.0074771815, 0.010173013, -0.0077221836, 0.009686581, 0.012030012, 0.0145199355, 0.0072058467, -0.00019230001, 0.014908588, 0.00026024203, 0.009850124, -0.008178684, -0.007798259, 0.0015186643, 0.009842889, 0.07341549, -1.0069951, 3.6990197, -1.0203074, -0.98309886, 5.768303, 4.962213, -3.1187558, 4.988125, -3.2089543, 5.948338, -0.38139167, 5.9935875, -2.1286268, 0.01760631, 5.9081464, 5.986904, -2.1882777, 5.2380266, 3.9642887, -1.0926448, -2.1377044, 2.8276792, 4.84032, 1.1258457, -1.2228906, 2.599437, 5.8221707, -2.1043708, 409.75003, -3.0428329, -1.2540383, -0.0062196148, 2.8821492, 2.749865, -2.1744688, 1.8704339, 3.6992707, 3.8362627, 3.8386896, -1.0544946, -1.2858105, -1.4113075, 1.5855639, -0.1961768, 0.7930274
0.009925558, 0.009827286, 0.002304022, 0.01232982, -0.005069883, -0.0076446445, 0.014604805, 0.012139873, 0.012238393, 0.004733654, -0.0027127664, -0.0077934857, -0.0028144193, -0.00053867605, 0.012175727, 0.009565297, -0.00500016, -0.0047656656, 0.014760512, -0.00036369349, 0.0045722653, 0.0049475655, 0.009690996, 0.005153541, -3.1064296, 2.7901103, -1.1456174, 5.811437, -0.17394982, 1.048362, -2.2283216, 1.9006013, 1.8768034, 2.7573278, -0.08584495, -2.242794, 0.874756, 1.0226736, 4.864112, 4.7757964, 5.84342, -2.000783, 5.489586, -1.1020074, -0.07742705, -1.9662209, 3.0590563, 3.8536396, 0.8316795, 4.955588, 0.911942, -3.124634, 4.8991547, 4.93747, 402.62582, 0.9692168, -0.18131764, -1.08207, -0.15586746, -1.1093085, -3.1841948, 4.8008738, -2.1901064, 6.031236, 0.7986057, 5.7932315, -3.2527993, -3.0169454, -1.9997602, -3.0487833
-0.0074441684, -0.002419969, 0.014971337, -6.876748e-05, -0.00011953505, 5.9834576e-05, -0.0047465684, 0.004859771, 0.0124649415, 0.0027561882, 0.012307763, 0.0045134826, 0.004706106, 0.0073978268, 0.004764096, 0.0146418065, 0.0045151217, 0.0019327037, 0.011991136, 0.014347669, 0.009475177, -0.0077403937, 0.014302482, 0.004883714, 4.7116127, 0.64430964, 1.7774774, -3.1081033, -0.19036254, -1.3213379, 6.0343366, 3.6337214, -2.202553, 1.6788676, 1.768139, 5.7843127, 4.97433, 2.0700212, -0.12887636, 5.0786924, 5.6687903, 0.7169771, -2.1449237, -3.324971, 2.6200812, -3.3045676, -3.1990004, -1.2015688, -3.0695035, -3.1561325, 2.646489, 1.8985579, 3.7036743, 3.935391, 0.68207526, 408.92206, 5.6990695, 5.7762833, 4.788924, -3.2623842, -0.15104443, 3.7032394, -3.0228925, 5.9558325, 1.7044718, -3.262658, -2.2053652, -1.2285874, 1.7757882, 0.8995432
0.0024813896, 0.0024568215, 0.012336029, 0.0023714034, 0.002352127, 0.007266625, -0.0049522216, 0.0023036522, -4.778394e-05, -0.004920075, 0.014806188, -0.00533326, 0.0021828257, 0.004709824, 0.014751996, 0.0047970437, -0.00024506208, 0.0023057912, 0.009812973, -0.0027218089, -0.0051745665, 0.007120098, 0.009739946, 0.005241799, 2.9493463, 4.9366345, 4.9957995, 3.8553405, -1.887768, -1.2267627, -1.007457, -1.0402926, 4.966298, 2.8345337, -0.0788637, 1.8416433, 5.8877573, 5.9742775, -0.0014297619, 5.9302073, -2.0238476, 4.7574487, 2.901205, 3.8541698, -1.1118127, -3.1337256, -2.0987246, -1.0649238, -0.083621144, 2.8211834, 4.733035, 2.0326612, 0.93209285, 5.838576, 2.7226696, 2.906501, 406.86377, 5.9191437, 3.864099, 2.9284444, 0.92771065, -3.1086884, 5.870634, -2.142183, -0.122026, -3.1930912, 0.8224901, 2.7962081, -1.1108714, -0.17541131
-0.004962779, 0.009937842, 0.009952294, 0.0048270407, 0.014763698, 0.012087803, -0.00020003255, -0.0003973871, 0.011913949, 0.012462878, -0.005174258, -0.0027896413, 0.00979755, 0.012168749, -0.0007058835, -0.0005983905, 0.011698646, 0.01218002, -0.007970335, -0.00025429032, -0.003362202, 0.013725004, -0.0035241167, -0.00024307774, 4.827214, 3.8516607, -3.0776682, 5.788974, -0.93403316, -0.32719693, 0.80396974, 0.99096084, 3.7721894, 4.764441, 2.8951, 2.558582, -3.088109, -3.2063615, -0.33446074, 1.6529465, -2.0601306, -0.1334794, 0.94439936, -1.1637877, -0.22856827, 4.0399756, -1.1490062, 4.784834, -2.1864984, 2.799397, 4.5795717, 1.8531345, -3.2029366, -3.0891342, 5.948785, -1.1753607, 3.8538327, 403.82745, -2.3162634, 3.7804353, -3.105796, 0.8686707, -1.2434998, -0.16467774, -2.1825223, 4.928847, 0.71263283, 6.011544, -3.023069, -2.2765265
0.014888337, 0.0073151854, -0.005190862, -0.0025654081, 0.0049348637, 0.007115568, -0.00026536422, -0.0025296754, -0.0027424544, 0.0122129265, 0.007544053, 0.012206918, 0.012436925, -0.0027160842, 0.014395725, -0.00772889, 0.0120501, 0.01269609, 0.0025185964, 0.012087749, -0.0004600193, 0.006694417, 0.013606264, 0.0021088426, 4.989509, -2.161674, -2.0211484, 2.8573651, 6.0334415, -0.2447495, 3.7960343, 4.9644117, -1.2998686, -3.278172, 5.0320935, 0.75257736, -1.1710362, -1.1019429, -0.114344805, 1.9052676, -3.1842744, -2.2168293, -1.9877228, 4.0063267, 2.794381, 2.6674964, 3.756694, -0.15375397, 2.1150239, 2.7875767, 5.628972, 1.7802267, 3.6482, 1.6359587, 2.9075603, 4.8437023, -1.3485162, -3.263404, 400.91425, 0.7603486, 0.91732234, -3.0683002, 0.8783701, 0.9794072, 4.6327224, 1.8047787, -0.3480214, -0.13459979, 3.837039, -3.2015753
0.014888337, 0.014740928, 0.009645519, -0.00773786, 0.012148927, 0.009384737, -0.0027203525, -0.0077620912, 0.007011844, 0.0071815955, 0.009846883, 0.009641859, -0.00751438, -0.00017917449, 0.014360481, -0.007840279, 0.0018524902, 0.0024414759, 0.012306303, -0.007704216, 0.0017733535, 0.009331166, 0.014125558, -0.0023198065, 1.0010699, -2.1181226, 2.030771, -0.23781542, 3.0520427, -3.1891825, -2.2013927, 1.1143458, -3.1248538, -1.1209652, 3.94752, 0.81813693, -2.0917559, -2.0690503, -3.1448557, 4.850809, -2.0148535, -3.1831648, -2.2131958, -2.0984888, 5.807995, -1.2174008, 1.8972089, 4.8781047, 1.932118, 2.774099, -0.30792442, 0.04064528, 5.7684736, 3.6883552, -0.3620582, 0.01832766, 1.7259648, 2.951798, 0.1316701, 409.92224, 1.8771231, -2.9304557, -1.1995901, 2.8096442, 4.772626, 4.8948364, 2.7037282, -2.033991, 2.9190238, 4.9745474
0.004962779, -0.004987347, -6.137327e-05, -0.00245612, -0.0074308673, 0.0050373124, 0.0024996616, -0.004887993, 0.002494308, 0.012496491, 0.0050275777, 0.0022114576, 0.0123546515, -0.0074597467, -0.000181297, 0.014593358, 0.0074940524, 0.009875679, -0.0050966544, -6.687971e-05, 0.014685573, -0.008037805, 0.014063345, -8.964942e-05, 3.7328618, -1.0518589, -0.9744179, -3.1485572, -0.15412764, 2.8290565, -2.947127, 3.7612102, 1.8592148, -2.1554723, 4.912049, -3.0700417, -0.14415237, -2.0479414, 5.932136, 4.0737987, 3.753379, 3.9674363, 3.9452815, -3.2576761, -3.1944408, -2.1475785, 5.6666846, 2.8084512, 1.195436, 4.919638, 2.755138, -1.260298, 1.8354731, 2.0300815, 2.9369068, 2.937826, -1.1170164, 3.7590053, -2.0392957, 3.8164682, 400.87445, 5.7841, 0.06185915, 0.006538065, 0.8467925, -2.1215975, 0.03878806, -1.0846528, 2.941344, 2.0772135
-0.0074441684, -0.007370464, 0.0149835935, 0.014944242, 1.8824863e-05, 0.012397444, 0.002446427, -0.00027721617, 0.002443831, 0.010267356, -0.0026140006, 0.004412669, 0.014713233, -0.0027799106, 0.009654504, -0.0029974682, -0.0027378085, 0.0073182913, -0.0072912537, 0.0020819486, 0.012547271, -0.0056572915, 0.00915022, 0.009492774, 3.7830455, 4.881437, -2.9172697, 2.8995445, 1.8778874, 5.7613544, -0.9489405, 5.900171, 3.9076664, -3.2032502, -2.8944812, 3.0075793, 1.9488926, 6.060678, -1.1981872, -3.1869972, 4.7488313, 4.948328, 4.9920855, 4.7063127, 1.90631, 0.7591184, -0.14289297, 3.9166832, -3.0071127, -0.02357285, -2.2319112, 1.8646219, -2.3148813, -0.91003966, 0.8634701, 1.8305956, 6.003605, -0.40951878, -3.303719, -2.203904, -0.04429314, 409.85275, -0.024892958, -3.0277023, 1.8072757, 2.7431493, -3.1033244, 0.96570766, 0.031133264, 2.9658926
0.012406948, -9.21308e-05, 0.012194896, -0.0076026823, -0.005146785, 0.009775495, 0.0073672063, 0.004823571, -0.0073891804, 0.014788556, 0.012663511, 0.004487696, -0.008098596, 0.012222717, 0.014975051, -0.0025224232, 0.0045841145, 0.007138865, 0.012258012, -0.007707161, 0.009395808, 0.0046368954, -0.0005488852, -0.0076397923, -1.0614096, 3.7684577, -1.9165239, 4.8518414, -0.991411, 3.8096273, 1.8518548, 0.008594633, 1.7474799, 1.961505, 5.900913, -0.049420554, 2.9281595, 1.991065, 5.886725, -2.04196, 1.0320971, -2.262062, -2.1511416, 2.8104944, 3.6602664, -2.1217196, 0.85724044, 2.9373248, -2.9512694, -0.13886812, 5.7309985, -1.0284963, 1.0525976, 2.9365911, -0.2937153, 1.0257628, 2.0074317, 4.7550983, 6.082221, 0.0147242695, 4.762093, 1.9122312, 406.8919, -2.075584, 1.8699061, 3.7799947, 5.7132854, -1.0819441, -0.24737883, 2.894584
0.0074441684, -0.007481021, -0.005043648, -0.0048942873, 0.012587082, 0.0047579003, -0.007574255, 0.0051142075, -0.007402296, 6.932706e-05, 0.0052276147, -0.004970179, -0.0024886443, 0.007336157, 5.9676404e-05, 0.009969397, 0.009694727, 0.012276839, 0.014642669, -0.0026830125, 0.011657938, -0.0027287828, 0.0018492633, 0.01485171, 3.0449576, -3.024555, -3.1897507, -1.0246129, 3.9807844, -3.282525, 5.104861, 2.8435194, -1.0211691, -3.0827727, 0.687724, 1.8147789, 5.9705257, -2.0788658, -1.0034199, 3.0335553, 0.9306336, 5.7475553, 0.107964545, -1.1585795, 5.875094, 0.925943, 1.0114387, 4.6108, -0.8320537, -1.0048405, 1.7093048, -1.9155486, -3.0506175, -2.2165263, 4.9345746, 6.081864, 4.8986, 2.9400454, -0.97455937, -3.2251194, -3.3220892, -2.1641722, 5.8318033, 410.0215, 4.0492816, -0.08075618, 5.7743306, 4.8064404, 0.8706433, 5.9173026
0.0074441684, -0.007481021, -0.005043648, 0.0025875703, 0.0076379296, -0.0026329667, 0.002271186, -0.0024416484, -0.0048812293, 0.014935866, 0.002720127, -0.0076472033, 0.0048835194, -0.00017396355, -0.00268085, 0.004832965, 0.009645017, -0.007271908, -0.007429761, -0.0025243992, 0.014671406, -0.0076446747, 0.009177946, -0.002710727, 5.863149, 1.0548855, 2.9477563, 4.967431, 1.7755723, -2.028643, 1.9039432, 3.8201337, 2.8935902, -1.8374376, -0.10648147, 4.958205, 4.909425, 3.9079332, 5.8854523, 4.9918337, 2.833707, 1.9919373, -1.9069642, -2.312457, -3.0359328, -1.9581156, 1.7953625, 3.8198693, -0.8347508, 6.1500435, 0.875257, 0.8960725, -0.12525922, -1.9320033, 0.96173143, 3.1274529, -2.9959066, -0.24224049, 3.1344771, -2.099731, -2.3566384, 2.8344066, 3.9158237, 5.104654, 405.07837, 6.047671, 1.9548593, 2.0044823, 4.0759673, 4.1692314
0.0074441684, 0.009845711, 0.0023408367, -0.007616072, -0.00766616, -0.0074698236, 0.0050040283, -4.2788895e-05, -0.0073365225, 0.01463073, 0.015118655, 0.0022815298, 0.0020024767, 0.009928394, -0.0073854425, 0.005173392, -0.002549574, 0.0147281345, 0.004491555, 0.014685878, 0.01204805, 0.014398788, -0.0032498105, 0.013906935, -1.137985, 0.64056337, 5.9444427, 4.0711284, -2.0907247, 4.839775, -0.22934484, 0.7545259, 3.647865, -2.1977918, -0.24343258, 3.7433286, 3.9512174, -2.1779675, -3.167661, 1.013552, -0.1200757, 4.7687645, -2.133163, 2.996542, -0.41735074, -1.3262835, -1.1085223, 3.8167477, 1.175981, -2.972052, 2.6772423, 1.74678, 1.0178254, 1.7771242, -3.0970535, 4.0491657, -3.2569366, 3.841461, 2.8611193, 2.8340116, 0.8443553, -3.1046681, -0.9910613, 4.1200724, 2.80808, 400.85526, 5.6247516, 1.9933401, -2.2530463, 0.78238076
0.009925558, 0.0073520383, -0.0051172324, -0.002553947, -0.00504108, -9.029556e-05, -0.004962785, 0.012532971, -0.0049639056, 0.004855777, 0.0076005114, 0.007310864, -0.0076586744, 0.0023429233, 0.010017954, -0.002244032, 0.012216607, 0.0024432554, 0.0022753195, 0.0146126095, -0.0053496584, -0.0022822048, -7.031449e-05, 0.0023515362, 0.15795366, 3.7610948, -0.17444564, -1.8900365, -2.9647653, 0.8690896, -3.17451, 0.013205597, -2.0816922, 2.8279536, 5.0069084, -0.059779633, 5.8678994, 3.0209305, 5.132338, -2.889016, -2.9932122, 3.8946543, 3.0293152, 3.024917, -3.1986277, -2.2679138, -1.1069895, 2.025875, 0.08883252, -0.113064006, -3.0833845, -1.9877585, 4.870553, 0.7748695, -2.003461, 1.9293058, 5.9402175, -0.073556535, 5.9548035, 1.9863062, -1.9778302, -0.14234063, 5.9649677, 2.1134398, 5.8785586, 0.87217253, 401.75043, -2.0826814, -1.165411, 4.878275
0.004962779, 0.012339385, -0.0025800648, 0.009859549, -0.0050651105, 0.014726298, -0.0050773323, -0.0050890674, 0.014348719, 0.0024862052, 0.002044907, 0.0021567768, -0.0047886376, 0.0073414603, 0.007262312, 0.0070370166, -0.00041511763, -0.004978721, 0.0069834897, 0.0024753206, -0.0055581764, -0.007599197, -0.0051054433, 0.014932656, -2.9605885, 0.9309795, -0.20146655, -1.9635824, 5.985452, 1.9603235, 3.0179517, 1.1247848, -2.8207421, 4.8290195, 4.956319, 1.8746047, -0.9870997, 5.123892, -1.1235243, -2.0127332, -2.990695, 4.154847, 1.8516331, -3.0565455, 0.9295911, 2.9102044, -2.0783834, -3.0303316, -0.08449563, 3.8399937, 1.9115245, -2.9750905, 1.9355068, -1.0636282, -2.0520911, 1.9413071, -3.0333953, 0.09421531, -3.1787474, 3.8940341, -0.93038905, 1.7225423, 2.8706372, -0.024573304, 4.8557925, -2.1091833, 4.822517, 403.01245, -3.1093087, 4.0171065
0.014888337, -0.0075362995, 0.0022732897, 0.0075029815, 0.0125781605, 0.0070268502, 0.004543104, 0.0023240997, 0.0023548054, 0.012461813, 0.0025639003, 0.014403814, -0.0049778903, -0.007900063, -0.007292083, 0.014354503, 0.0019660364, 0.0072566415, -0.0026230414, 0.0069802143, -0.00025901335, -0.00053577864, -0.0054534883, 0.009516019, 5.9312434, 0.88133204, 0.8316604, 2.9836957, -1.0699651, 0.7156247, 5.7914386, -3.0379221, 4.089601, 1.9128416, -3.1175632, 4.8225102, 2.033947, 5.8819823, 4.9334664, -2.0762615, -1.1763887, 3.0566344, -1.1170431, 1.8588209, 1.7845263, 0.8999072, -2.2738554, 3.8430018, 2.1571376, -1.0315537, 1.7817867, 1.9579152, 0.9114028, -1.2280383, 6.033933, 1.8728384, 2.1167505, 2.918857, 4.9244695, 5.9827337, 5.8520994, 0.78844196, 1.061482, -3.0675342, 0.970522, 3.9993393, -3.176195, 3.052539, 403.91763, 4.1591635
0.0024813896, 0.0049320688, -0.0050006597, 0.009957655, 0.005026707, 0.00725265, 0.004670282, 0.00481507, -0.005203012, 0.009853431, 0.0049633416, -0.005222901, 0.014640628, 0.014535568, 0.0022354887, -0.0076259067, 0.0070474604, -0.007213133, 0.0024460466, 0.014667941, 0.006924892, 0.007014146, 0.0038385766, 0.011713805, 1.9590262, -1.1640358, 1.8281463, 1.9780945, 3.888531, 1.9209971, 4.7590857, 0.80749905, -3.3762176, 0.90830433, -3.107998, -3.322777, -2.1632123, -2.037315, 4.6549506, 2.7369883, 3.8185847, 5.8630986, 3.0801358, 1.8782028, 0.8310398, 4.9263535, -0.13347289, 2.8258777, -1.0580115, 3.0498207, -1.2651893, 4.8135505, 2.7173545, 1.8433518, -2.0786672, 5.9518037, 1.7367753, 0.6278014, -3.2564409, 1.7416415, -0.30511102, -2.16806, 5.7919574, -1.9019885, 0.72674316, -0.19207701, -2.4996328, -0.09978239, -1.086499, 403.80356

