1, 0, 0, 5, 6, 4, 6, 5, 3, -3, -1, 1, 4, -2, -1, 1, 4, 5, 0, -2, 5, -1, 1, 4, 5, 6, 4, 2, 4, -2, -3, 6, 3, -3, 6, -2, 2, 6, 2, 6, 5, 5, 3, -2, -2, 4, -1, -1, 0, -2, -1, 6, 4, 1, 5, -3, -3, -1, 5, -3, 6, 3, -3, 0, 4, 2, 2, 1, 0, 408
2, 6, 5, 4, -1, -3, 0, 1, 0, 3, 2, -2, 5, 0, 5, 5, 4, 0, -2, -2, 4, 5, -1, 3, -2, 6, 0, 6, -2, 4, 4, 6, 2, -2, 0, 1, 4, 3, 5, 1, -2, 2, -2, -3, 2, 0, 4, 0, 4, 5, 1, -1, 5, 4, 6, 6, 6, 3, 6, 4, 3, 6, -2, 5, 6, 1, 0, -1, 403, 0
6, 3, -1, -3, -3, 3, -2, 3, -1, -3, 5, 5, 6, 6, 3, 0, -1, 2, 4, 5, 1, -1, 6, 4, 1, 6, 2, -2, 3, 5, 6, 4, 6, 5, 0, -2, 1, 3, 5, 1, 4, -1, 6, 6, 4, 0, 1, -2, 4, 4, -1, 6, 0, 2, -3, -2, 4, 0, 6, -2, -1, -2, -2, 3, -2, 2, 0, 408, 1, 5
-2, -2, 1, 4, 2, -2, 6, 2, -2, 0, 5, 6, -2, 5, 4, 6, 2, 4, 2, -1, -3, 2, 3, 0, 3, 6, 1, 3, -3, 3, 2, 0, -2, -2, -3, 6, 0, 1, 2, 4, 6, 0, -3, 2, 1, -3, 6, -2, 4, 5, -1, -1, 3, -3, 3, 5, 2, 5, 5, 1, 4, 3, -2, 1, 1, -1, 407, -3, -2, -2
4, -2, 6, 4, -3, 4, 1, 0, 5, 2, -2, -3, 5, -3, -2, -2, 1, -1, 0, -1, 6, -3, -2, 1, -1, -3, 6, 6, 2, 4, -3, 2, 1, 4, 1, 3, -3, 2, 3, 0, -3, 4, 6, 3, 6, 0, -2, 2, -3, 5, -3, 6, 3, 6, 1, 2, 4, 5, 6, 1, -2, 6, 4, -3, 3, 408, 5, 0, 6, 1
0, 5, -3, 1, -1, 1, 0, -3, 0, 2, 6, 5, 0, -1, 0, -1, 3, 4, 1, -3, 4, 0, 5, 4, 2, 4, 3, 6, -2, -2, -2, 2, 3, -1, 4, 1, 6, 3, -3, 1, 4, 3, -1, 2, 5, -1, 6, 4, -2, 1, -2, 0, 0, 1, 2, -3, -2, 1, 1, -3, -1, 3, 5, -3, 409, -2, -3, 6, 4, 1
5, -3, 6, -2, 1, 6, 6, 2, -2, -2, 5, -3, 1, -3, 0, -3, -1, -1, 3, 6, 1, -2, 0, 0, 2, 5, 2, 5, -1, 5, -1, 2, 2, 3, -2, -2, 4, 4, -3, 5, 6, 4, -2, -1, -1, -2, -3, 4, 3, 2, 5, 5, 5, 4, 0, -3, -1, 3, 6, 4, 1, 0, 4, 409, -3, 2, 6, 3, 2, -2
-3, -1, 6, 4, 0, -1, 3, 6, -2, 1, 2, -2, 4, 5, -3, -2, 4, 3, -2, 2, 0, 2, 3, 0, 6, 1, -1, 4, 5, -1, 2, 0, 4, 1, 5, 6, -2, 1, 5, -3, 6, 0, 4, -2, 5, 2, 5, 4, 5, 3, 1, -1, 3, 0, 0, 5, 5, 2, 2, -3, 5, 3, 403, 2, 5, 1, 6, 0, 0, -3
3, 6, 1, 0, 4, 5, 1, 4, 0, 5, 5, 4, -3, -2, -2, -1, 3, 2, -2, -2, 2, -1, 2, -1, -1, 5, 2, 0, 2, 1, 4, 4, 0, 1, 6, -2, 0, 6, -1, -1, -1, 6, 5, 0, 1, 0, 0, 6, 4, 2, 3, -2, 5, 4, 4, 6, 1, 0, 5, 5, 5, 410, -1, 0, 3, -3, 3, 1, 6, 6
-1, -2, 4, 2, 4, 1, -3, 3, 0, 2, 5, 6, 2, 2, 4, 3, 2, 3, -3, -1, 3, -2, 1, -2, 4, 1, 2, 2, -2, 2, 0, 1, 2, 3, 5, 1, 4, 1, 1, 3, -2, 5, 3, 4, 1, 3, 4, 1, 2, 6, 2, -3, -1, 0, 5, 5, 4, 4, 2, 6, 401, -2, 5, 2, 0, 1, 5, 1, 1, -1
5, -2, 0, 3, -1, -1, 6, 6, 1, 5, 6, -3, -2, 6, -1, -1, -3, 4, 0, 0, 5, 0, -3, 1, 4, 1, 5, 0, 5, -1, 1, 6, 6, 5, 0, 0, 6, -2, -3, 2, 4, 0, -2, 4, 0, -1, -2, 0, -1, 3, 4, 4, 3, 0, -3, 5, 6, 4, -1, 406, 1, 6, 3, 3, -1, 4, 0, -2, 6, 4
5, -3, -2, 2, -3, 3, -1, -1, 4, 6, -3, 2, -3, 6, -1, -1, 6, -1, 4, 5, -2, 3, 4, 2, 3, -2, 4, 3, 6, -1, 6, 2, 2, 2, -1, 0, -3, -3, -1, 2, 4, -3, 0, 4, 6, 5, -3, -3, 0, 6, 2, 6, -1, 0, 6, -2, 6, 0, 410, 4, 3, 1, 5, -2, -3, 6, 3, 6, 4, -2
5, 5, 4, -1, -2, -2, 1, -3, 0, 6, 4, 2, -3, 5, 4, 1, 1, 0, 5, -3, 0, 0, 1, 4, 0, 5, 3, -2, -2, 1, 4, 2, -2, 3, 3, 5, 6, -1, -3, -2, 2, -1, -1, -1, 2, -3, 3, 3, 3, 3, 4, 2, 3, 6, 1, 2, 2, 408, -2, 0, -1, -1, -1, 0, 6, 0, 2, 4, 0, -3
6, -2, 0, -1, 4, 1, -3, 6, 6, 1, -1, 0, 2, 5, 0, 6, 4, -2, 6, 4, 4, 2, 3, 3, -3, -2, 1, -1, 6, 6, 5, 3, -3, 2, -2, 1, 3, 4, 5, 4, 6, 4, -3, -1, 4, 4, 6, 5, -3, 0, 1, -3, 1, 6, 2, 4, 407, -2, 6, 6, 6, 4, -1, 0, 0, -1, -1, -3, 2, 6
5, 2, -3, 3, 2, 5, 0, 4, 4, 1, 2, 6, 5, 2, 4, 6, -2, 6, 2, 3, 4, 5, 4, -3, -1, 0, 2, 2, -1, 4, -1, -2, -2, 1, 6, -1, 0, 0, 3, 0, -3, 2, -2, 6, 2, 3, 1, -2, 3, 4, 6, 4, -1, 4, 5, 404, 4, 1, 6, 6, 4, 6, 1, 4, 2, -3, 5, 2, 0, 1
2, 3, -1, 4, -3, 6, 4, -3, -3, 0, 1, 4, 1, 4, 6, -3, 5, 3, 0, -2, 3, -3, -2, -1, -1, 2, 0, 6, -1, 1, -2, 4, 0, -3, 2, -1, 6, 6, -3, 0, 3, 4, 4, 2, 1, 0, 5, 0, -3, 1, -1, 2, -2, -1, 402, -2, 6, 4, 0, -1, 4, 0, -2, 1, -3, 0, -3, 3, 4, 0
4, 0, 3, 6, 6, -2, 1, 1, 2, 2, 3, 2, 0, 6, 6, -1, 6, 5, 1, -3, -2, 3, -1, 1, 3, -2, -3, 6, -3, -1, 1, 6, 3, -3, -1, 4, 1, 3, 4, -3, 3, 2, 0, 6, 6, 1, 4, 5, 1, -2, 2, -1, -2, 403, -1, 1, 2, 2, 0, -2, -2, -3, -1, -2, -2, 1, 1, 2, -1, 6
-3, -3, 3, -2, 2, -1, -1, -1, -3, 0, 5, -2, 6, -3, 6, 2, -1, -3, 2, -1, 3, 3, 4, 1, 5, 1, -2, 3, -3, -1, 2, 1, 5, 0, -3, 6, -1, -1, 4, -3, -3, 0, -2, -1, 1, -2, 1, -2, 6, 2, 5, 5, 403, 1, 4, 3, 5, -1, 4, 6, 2, -2, -3, 4, 3, 2, -1, 5, 6, -2
-3, 6, -2, 1, 0, 3, -1, 4, -1, 4, -2, 4, 2, 0, 2, 5, 3, 3, 3, 4, 6, 5, 1, 5, 0, 1, 3, -3, 6, 1, -3, -2, -1, 6, -2, 1, 4, 4, 3, 2, -2, -2, 3, 2, 1, 3, 3, 6, 6, 1, 4, 410, 0, 0, -2, -1, -2, 5, -3, 5, 0, 6, 1, 4, -1, 6, -3, -3, 4, 6
4, -1, 5, 0, -3, -3, 5, 2, 6, 2, 2, -3, 5, -3, -1, -1, -1, 0, -3, 6, 5, -3, 5, 6, 3, 0, 3, 3, -3, -3, 4, 1, 6, -2, 4, 4, 5, 1, 1, 1, 5, 0, -2, 6, 6, 0, -1, 0, -1, 0, 410, 4, -2, 1, 6, 4, 5, -2, 1, -3, -3, -2, -3, 3, 4, 3, 0, 0, 2, 5
1, -3, 5, 1, 2, 5, 2, -1, 2, -2, 0, 2, 1, 2, -2, 5, -1, 1, 5, -2, 6, 3, -3, -3, 0, 1, -3, -2, -3, 1, 2, 0, 1, 6, 3, 3, 3, 1, 2, 4, 5, -3, -3, 4, -1, -3, 2, 3, -1, 407, -2, -1, 3, 2, 2, 3, 2, 1, 2, 4, 0, -2, 2, 6, 3, 3, -1, 6, -2, 5
5, -1, -1, 3, -2, 5, 1, -1, 5, 4, -2, -3, 2, 5, 0, -2, 6, -2, -2, 6, 3, 3, -1, 2, 6, 1, -1, 6, 2, 4, 0, -2, 5, 3, 1, 0, -2, -1, 2, 4, 4, 0, -3, 3, 4, 4, 4, -2, 410, 5, -1, 3, 5, 0, -1, 0, 4, 6, 2, 0, 4, 3, 3, 5, 4, 1, 5, 5, 2, 5
6, 4, 2, 0, -2, 0, 3, 0, -3, 1, 4, 5, 5, 6, 4, 1, 1, 6, -1, 1, 5, 1, -2, 0, 5, 2, 4, 5, 3, 2, 0, -1, 1, -2, 5, -3, -1, 4, 2, -3, 0, 5, 4, 2, 5, 1, 1, 402, -1, -3, -1, 2, 2, 3, 0, 4, 6, 4, 0, 6, 4, -3, -2, 3, 1, 6, -3, -1, -1, -1
0, 4, 3, 1, -2, 4, 4, -1, -1, 2, 3, -2, 1, 2, 0, -2, -3, 6, 3, 1, 4, 1, 4, 3, 6, 4, 4, 4, 5, 6, 5, -1, -2, 3, 0, 4, -1, -3, 0, 0, 6, -3, 1, -1, 4, 5, 404, 2, 5, -3, -1, 5, 3, 5, 3, -3, 1, 0, 2, 4, 4, 2, -3, 5, -3, -2, 0, 4, 5, 1
3, 6, 6, 4, 2, 6, 1, 4, 6, 5, -1, -1, 0, 1, 2, 3, 6, 6, 3, 0, -1, 2, 0, 0, 1, -1, 2, 0, 6, 1, 4, -2, -3, 0, -3, 5, 2, -3, 1, -3, -3, 2, 5, 1, 6, 410, 5, 4, -3, 2, 3, 6, -3, 0, -2, -1, 0, 2, -3, -1, -1, 0, 6, 1, 5, -3, 3, 1, -3, 6
3, 5, 3, 6, -3, 3, -1, 3, 6, -1, 6, 2, 4, 5, 0, -1, 1, 0, -1, 3, 2, 6, 0, 6, 1, 0, -2, -2, 1, 0, 0, -3, 0, 0, 6, 2, 3, -2, 0, 2, 5, 0, 6, -2, 404, 1, 2, 5, 4, 2, -2, 5, 1, 6, 0, 1, 1, 1, -3, 2, 1, -1, -3, -2, 3, -1, -2, 1, 2, -3
0, 2, 1, 1, 6, 4, 2, -3, -3, -1, 2, -1, 6, -2, 2, 5, -2, 0, 6, 2, 3, 2, 6, -3, -2, -2, -2, -2, -2, 5, 2, 2, -1, 5, 3, -1, 5, 2, 6, 6, 3, -3, -2, 401, 2, 4, 5, 3, 6, 3, -2, 3, -3, -2, 4, 1, 0, 2, -1, 5, -1, 6, 0, -3, 5, -2, 6, 4, -3, 4
0, 1, 6, 2, 3, -2, 4, 5, -2, -1, -2, 5, 2, 5, 0, -1, 2, 0, -1, 1, 5, 6, 1, 1, 1, 6, -1, -2, 2, 0, -2, 0, -1, 1, 6, -3, -1, -2, 0, 4, -1, 2, 401, 1, 2, 0, 2, 6, 4, -3, 1, 1, 5, 4, -3, 1, -1, -1, 4, 6, -1, 2, 1, 0, -3, -3, 1, 0, -2, 0
3, -3, 2, 5, 3, 4, 1, -3, 2, 0, -3, 3, 2, 5, 3, 0, 1, -1, 1, 5, -1, 0, -1, 5, -1, 0, 5, 4, 4, 6, 2, 5, -1, 1, 2, 5, -2, 6, -2, 0, 6, 410, 1, -1, -1, 3, -2, -2, 2, 0, 0, -3, -3, 4, -2, 2, -1, -2, 2, 0, 0, -1, 0, 5, 5, 2, -2, 1, 5, -2
4, -1, 1, 6, 1, 0, 1, 4, -3, -2, 0, -3, -3, 1, 6, -3, 4, 1, -2, 0, 6, 6, 0, 0, -3, -2, 4, 5, -2, 1, -1, -2, 6, 1, -3, 6, -2, 5, 3, 3, 408, 6, -1, -1, -3, 0, 1, 2, -1, -1, -1, 1, 0, -1, 1, -1, -2, -1, 1, 0, -2, 2, -3, 6, -1, -1, -3, 1, 4, 6
2, -1, -3, 5, 0, 0, 5, 5, 4, 1, 6, 6, 3, 3, -2, 0, 0, 2, 5, 1, 5, 2, 5, 4, -2, 6, 4, 5, 3, 4, -2, 2, 1, 5, 0, -3, 4, 1, 3, 402, 4, 4, 6, 1, 3, -2, 6, 0, 6, 6, 3, -3, 0, -1, 2, 6, 1, 1, 5, -2, -2, 0, 4, -2, 1, -2, 1, 1, -3, 1
6, 5, -2, 5, 0, -1, -2, 4, 6, -3, 2, 1, 0, -2, -3, 5, 2, 5, 5, 3, -3, 0, 3, -2, 1, 4, 3, 5, 5, 2, 5, 4, 5, 0, 6, -1, -1, 3, 408, 5, 6, 5, -1, 6, -2, -1, 5, 3, 0, -2, -2, 2, -3, -1, 6, 5, 3, -3, 1, 4, -2, 5, -1, -1, 2, -3, 2, -1, -2, 5
4, 5, 2, 0, 3, 2, 1, 5, 3, 0, 6, 4, 3, 5, 3, 3, 4, -3, 5, 4, 3, 3, 2, 4, -3, -2, -1, 1, 5, -2, 6, 0, 2, -1, 1, -3, 5, 403, 5, 2, 4, 5, 5, 3, 4, -3, 0, -1, -1, 6, -3, -1, 0, 4, 3, 4, -3, 1, 5, 4, -1, 5, -2, 0, 5, -2, 2, 5, 1, 4
-1, 4, 2, 2, 1, 1, 1, 0, 2, -2, 0, -3, 6, 0, 4, -1, -2, 6, 6, -3, 5, 4, 5, -3, 3, 6, -2, 0, 4, 3, 3, -1, 0, -1, 3, 6, 407, 3, -2, 1, -1, 0, 1, 5, -1, 5, -1, 6, 2, 2, 0, 1, 4, -2, 0, 2, 4, 5, 5, -3, -3, 5, 5, 0, 1, -2, 1, 4, 5, 6
3, 1, 5, 0, 5, 0, 2, 5, 4, -1, -3, -3, 6, 0, -3, 4, 1, 4, -2, 5, 4, 4, -2, 1, 0, -1, 0, 0, 4, -1, -3, -3, 0, 5, 5, 405, 6, 3, 4, -3, 5, 3, 6, 4, -2, -1, 4, -1, -3, -2, -1, 5, 6, 5, -3, 4, 1, 1, 5, 4, 3, -2, 6, 5, 6, 0, 6, -1, -3, -3
3, 0, 6, 4, 3, 0, 4, 0, -3, -2, -1, 0, 4, -1, -1, 4, 5, 2, 4, 2, 5, 6, 3, -3, -2, -3, 5, 6, 3, 1, -1, 4, 3, 3, 405, 3, -3, 4, 5, 6, 5, 2, 4, 1, -2, -1, -2, -1, -1, -2, 1, 2, -2, 0, -2, 1, 1, 6, 1, -1, 0, -3, -3, 3, -3, 0, 3, 2, -2, 1
1, -2, -2, 1, 1, 0, 2, -3, 3, -2, -2, -1, 5, 2, 2, -3, -3, 6, 2, -2, 1, 6, 6, -2, -1, -3, -1, 3, 2, 6, 5, 6, 4, 401, 6, 5, 4, 1, -3, 3, -3, 6, 5, 4, 6, -2, 2, 0, 2, 4, 2, 5, -1, -2, -3, 4, -3, -2, 3, 5, 6, 1, 3, 2, -3, -3, 6, 1, -2, -2
4, 2, 2, -1, 3, -3, -2, 4, -2, -1, 0, 1, -1, 4, 2, 0, -1, 0, -3, 4, -1, -3, -1, 4, 0, -2, 2, 4, 3, 0, 3, 3, 409, 5, 1, -3, 1, 0, -2, -3, -1, 6, 5, -1, -1, 2, 5, -3, 4, -2, 4, 6, 4, -3, 3, -1, -3, 3, 2, -2, -2, -3, -3, 5, 6, 3, -2, 5, 5, 2
0, 6, 4, 3, 4, -2, -1, 3, -3, -2, -1, -3, 6, -1, 4, 0, 1, 4, 4, -3, -3, 0, 4, -1, 5, -1, 6, 0, 4, 6, 1, 402, 5, 6, -2, 3, 0, 3, -1, 0, -1, -2, 1, 2, -2, 3, -2, 0, 1, 5, 0, 3, 3, -3, 2, -2, -3, 1, 1, -2, 4, 4, 2, 4, 0, -3, 1, 3, 3, 1
4, -3, -2, 0, 0, 6, 3, 6, 0, -3, -2, 4, -2, -1, 2, 6, 2, 3, 4, 4, 3, -1, 1, 6, 6, 2, -3, 2, 1, -2, 409, -1, -2, -3, 6, 5, -1, -1, 0, 2, -1, 3, 4, -2, 3, 5, 4, 2, -1, 4, -1, 0, 6, 3, 1, 1, 1, -2, -1, 5, -1, -3, 5, -3, -3, -3, 2, 5, -1, 5
-2, 3, 5, 4, 5, -3, 0, 1, 1, 0, 3, 2, 0, 3, 5, 5, -1, 3, -2, 5, 1, 2, 3, 3, -3, 6, 6, -2, -1, 403, 5, -2, 4, 4, -1, 2, 5, -2, -1, -3, 4, -3, 6, -2, 1, 4, -2, 1, 6, -1, 0, 3, 1, 3, 4, -1, -1, 0, 3, -3, 1, 2, 4, 3, 4, 4, -1, 1, -2, 0
-3, -3, 1, 0, 3, 2, 1, 3, 1, 3, -3, -1, 0, -2, -1, -2, 0, -3, 0, -1, 0, 0, 5, 1, -1, 5, -2, 1, 403, 2, -2, 0, 6, -2, -2, 0, -1, 4, 3, 0, -2, 2, -1, 4, -1, 1, 3, 3, -3, 5, 5, 6, 6, 3, 2, -2, -1, -1, 0, -3, -3, 1, 3, 5, -3, 0, 6, -3, -3, -3
3, 6, 3, -2, -1, -3, -2, -1, 5, -1, 3, -1, 3, 1, 6, 1, 3, 3, 2, 1, -1, 3, 3, 4, -1, -1, -2, 407, 1, 0, 5, 3, 3, 2, 2, 5, 5, 1, -2, -2, 3, 0, 6, -2, 2, 1, 1, 5, 3, 5, 5, 0, 1, 0, 0, 6, -1, -2, 5, 4, 1, 5, -1, 4, 1, 3, 1, 2, 2, 3
5, 2, 6, -2, 6, -2, -3, -1, 1, 3, 4, 5, -3, -3, 1, 5, -3, -2, 6, -2, -3, 2, -3, 0, 2, 1, 407, -3, 1, -3, 3, -2, -1, -1, 5, -1, 2, 6, -2, -2, 3, -2, 6, 4, 4, 3, 0, -1, 6, 5, -1, 2, 6, 6, 2, -3, 3, -1, 0, 4, 0, 6, -1, 1, 6, -1, 2, 2, 4, -1
3, 6, -3, 4, -1, 4, 0, -2, 3, 4, 6, 5, 6, -2, 4, 5, -2, 3, -2, 4, 4, 0, 5, 6, 6, 409, 4, -1, 5, -1, 5, -2, 1, -1, -3, -3, -3, 2, 6, 4, 4, 3, 6, -2, 2, -3, 6, -2, -2, 1, -1, 3, 1, -2, -3, -1, 1, 5, 0, -2, 0, -2, 4, 3, -2, 6, 0, 4, -3, 4
1, -1, -2, 5, 3, 5, 4, 4, 6, 1, 6, -1, 3, -1, -2, -2, 5, 1, 1, 2, 6, 5, -3, 4, 407, 2, 0, 1, -3, 6, 1, -1, -1, -3, -3, 0, 0, 0, 3, 4, 2, 3, 4, 3, 6, 3, -1, -3, 1, 6, 0, 0, -1, 2, 1, 2, 2, -2, -2, 2, 4, 2, -2, 0, 2, 3, -3, 6, -3, 0
-3, 6, 1, 2, 2, 0, 2, 1, 1, 1, 6, 6, 3, -2, 1, -2, 5, -3, 6, 0, 4, 4, 1, 406, -1, 6, 1, 4, 0, 4, 5, 6, 4, 0, 3, -3, 0, 3, -3, 5, 0, 2, 1, 6, -1, 4, 0, -2, 1, -1, 2, 0, 4, 2, 1, 6, -3, -3, -2, 3, 6, 2, -3, -3, 4, 3, -1, 2, 3, 5
6, -3, 3, 2, -2, 4, -1, -3, 3, 1, -2, 4, -3, 4, 6, 3, 4, 1, 1, 5, -1, 2, 408, 0, -3, 4, 3, 1, 3, 5, 2, 3, 5, -3, 5, -2, 3, -1, 0, 2, -2, 2, -2, 5, 6, -2, -2, -3, 1, 0, 5, 2, 5, -1, 6, -3, 1, 5, 6, 4, 1, 2, -3, -2, 6, -2, -1, 0, 5, 3
3, 6, 0, 2, -1, -1, -3, 0, 3, 1, -1, 5, -1, -2, -2, 3, 2, 4, -2, 5, -2, 405, -1, 1, 5, 4, 4, 1, 2, 5, 6, -3, -3, 0, 3, 6, 3, -2, 1, -2, -2, 5, -2, 3, 3, -1, -1, 1, -2, 4, 5, 0, 1, 5, 3, 4, -3, -2, 5, 4, -2, 5, 4, 4, -1, -3, 5, 5, -1, -2
-1, 5, 2, 6, -2, 3, -3, 1, -1, 5, 6, 2, 6, -1, 0, -2, 1, 2, 1, -2, 404, 2, 3, 2, 3, 0, -1, -1, 4, 6, 4, 5, 6, 4, -2, 1, -1, -2, 2, 1, 3, 4, 2, 2, 3, 1, 5, -2, -3, -2, 2, 5, -2, 5, -3, 4, 1, 0, 4, 5, -3, -3, 2, 3, -3, 5, 6, 4, -2, 1
2, -2, 0, 5, -2, -2, 1, 1, 1, 3, 2, 0, -1, 1, 4, 2, 1, -1, 5, 407, 5, 1, 4, 0, 0, -1, 2, -2, 4, -1, 2, -3, 2, 3, 3, -3, 0, -2, -1, -1, 1, -2, 4, 5, 3, 5, 6, 1, 4, 3, -3, 5, -2, 4, 5, 3, 6, 6, -3, -1, 2, 5, 4, 2, 5, -1, 1, 4, 5, 0
3, 3, 4, 1, 2, 1, -2, -2, 6, 0, 3, -2, 6, -2, 6, 4, -3, 5, 407, -1, -2, 3, -2, -2, 6, 2, 2, -1, 3, 4, 5, 6, 4, -3, 3, -1, 1, 0, 1, -1, 3, 2, 0, 2, -2, 0, 0, 4, 6, -1, -1, 0, -1, 5, -2, 5, 3, 4, 1, -1, 4, 5, 0, 2, 1, -3, -3, 4, 5, 6
0, 3, 5, 2, 5, -3, 0, 5, -2, 0, 1, 6, -3, 3, 6, 3, 5, 404, 2, 4, 1, 0, 3, 3, 5, -2, 4, -1, 0, 0, -2, 0, 5, 4, -3, 4, 3, -3, -1, 0, 6, 1, 6, -2, 6, 2, 5, 4, 2, 6, 3, 5, -2, 0, -1, 0, 3, 1, -3, 3, -1, -2, 3, 6, 4, 4, 5, 6, -2, -1
6, 4, 0, 1, 6, 4, -2, -3, -1, -3, 1, 4, 3, 2, 3, -3, 409, 6, 2, 1, 5, 1, 2, 4, -3, 6, 6, -2, 5, 5, -1, 4, -2, 0, 6, 1, -1, 0, 5, -1, 3, -2, 4, -1, 3, 5, 2, 4, 2, 0, -2, -2, 0, 2, 4, 4, 5, 2, 3, -3, 1, 4, 5, 4, 0, -2, -1, 1, 1, 0
5, -1, -2, 2, 2, 0, -3, 6, 0, -2, 4, -2, 4, -1, 5, 408, 0, -3, 0, -3, -3, -3, 5, -1, 0, -3, -1, 2, 3, 0, 5, -3, 3, 5, 3, 2, 0, 4, 1, -1, -3, 5, 3, 4, -2, 1, 5, -2, 5, -2, 2, 2, 0, 6, 5, 5, -3, -3, 0, 5, 6, 1, -3, 6, 5, 3, 6, 5, 0, 4
-2, -1, 0, -3, -1, 3, 3, 4, -3, -1, -2, 3, 2, -1, 406, 2, 2, 3, 2, 0, 4, 5, 2, 1, -1, 4, -1, 6, -2, -3, 2, -2, 5, -2, 2, 2, 2, -1, 1, -2, 6, 4, 4, 6, 3, 6, -3, 2, 5, 1, -2, 2, -2, 0, 6, 2, 4, 5, -2, 2, -2, 1, 3, -1, 0, 2, -3, 1, 5, 4
6, -1, -3, 0, -1, 3, 5, 1, 3, 2, -1, 1, -2, 405, 3, 3, 5, -3, -3, 2, 3, 4, 0, -2, 1, 1, 5, 0, 0, 3, 3, 5, 5, 1, 5, 2, 0, -1, 5, 6, 1, -3, -2, 4, 1, 3, -2, -3, -3, 3, -2, 0, 6, -3, 4, 4, 0, 0, 0, 5, 0, -3, 4, 6, 3, 6, 2, 3, 5, 3
3, 4, 3, 3, -1, 4, -3, 2, 1, -3, 1, -1, 407, 1, -3, 4, 6, 5, -1, -2, 3, -1, -3, -2, 1, -2, 6, 3, 5, 6, 4, 4, -1, -2, -1, 3, 3, -1, -1, -2, 6, 3, 3, -1, -1, 5, -1, 2, 1, 0, -3, -1, 2, -3, 1, 6, -2, -1, 6, 2, 4, -1, 1, 6, 5, 0, -3, 4, 6, 1
2, 2, 5, 5, -2, -2, -1, 3, -2, 1, 2, 405, 1, 6, -1, 6, -3, -1, 4, 6, -2, -3, 3, 3, -1, 6, -3, -3, 0, -3, 4, 0, 1, 1, 5, -3, 3, 2, 5, 5, 0, -1, -3, 1, 4, 4, 3, 2, -3, 3, -2, 0, -2, 4, -2, 3, -2, 5, 5, 0, -2, -2, 2, -1, -1, 6, -2, 0, 6, -1
5, 6, 3, 1, 4, 3, 2, -3, 1, 2, 401, -3, 1, 4, 4, 0, 3, -1, -2, 4, 3, -2, 6, 6, 6, -3, 5, 3, -1, 6, 3, -1, -3, 6, -3, 2, -2, -3, 4, -1, 4, 0, -2, 0, -2, -2, 1, -2, 4, -2, 0, 1, 2, 2, 1, 4, -3, 1, 1, -3, 1, 5, 5, 6, 5, 2, 2, -1, 2, -3
3, 4, 2, 3, 0, 4, 1, 5, 0, 410, -1, 5, 4, -1, 4, 0, 6, 0, 4, -1, -1, 3, 4, 4, -3, -2, -2, -3, 4, 1, 4, 5, 6, -1, -1, 2, -3, 4, 4, 3, 5, 6, 5, 6, 4, 1, 6, 1, -3, 1, 2, 1, -2, -2, 2, 0, 6, 4, -1, 6, -3, -2, 1, 3, -3, -1, 0, 1, 1, 6
2, 4, 5, 3, 5, -2, 1, -2, 405, 2, -1, 2, -2, -1, 2, 4, 1, 2, -2, -1, 6, 4, 0, -1, -2, -3, 6, 3, 2, -2, 3, 0, 5, 5, -2, -2, 4, 5, -3, 0, -3, 2, 4, 3, -1, 2, -2, 0, 6, 1, -2, 1, 5, 4, 6, 0, 4, 5, 2, 4, 2, -2, -1, 4, 6, 4, 4, 4, -3, 5
3, 2, 1, -3, 1, 3, 4, 403, 3, 0, 3, 3, 3, -3, -3, 3, -2, -2, 5, 5, 6, -2, 5, -2, -3, 1, -2, 3, 2, 0, 3, 5, 5, 2, 4, 2, -2, -2, -2, -1, 4, -1, -2, 5, 0, 0, -3, 3, 3, 1, 4, -3, -3, 3, 5, -1, 5, 0, 5, 0, 1, -3, 5, 3, 3, 0, 2, -3, 4, 2
-1, -2, -2, -1, 1, 4, 401, -2, 6, 6, 1, 2, 2, -1, 2, -2, -2, 2, -1, 6, -2, 5, 3, -2, -3, 2, 5, -3, 6, -3, 3, -1, 2, 6, -1, 5, 4, 0, 2, -1, 0, 0, 5, 2, 4, -1, -3, -2, 1, 4, 5, 4, -1, 2, 6, 3, 3, -1, -1, 0, 0, 6, 6, 3, -3, 2, -2, 6, -2, 2
2, 2, 5, 4, -2, 409, 5, 2, 1, -3, 1, 4, 2, -1, 5, -2, 3, 5, -1, 0, 2, 5, -3, 5, 6, 4, 6, 5, 1, 0, 0, 0, 1, 2, 5, -3, 0, 4, 2, -3, -1, 4, 4, 5, -1, -2, 0, 6, 6, 4, 6, 2, 2, 1, 0, -3, 3, -2, -2, -1, 5, 0, 3, 0, 6, 3, 4, 0, -3, 0
3, 3, 6, 5, 402, 2, 4, 5, 6, -1, 0, 5, 2, -2, -3, 5, 5, 3, -1, -3, -3, 0, 1, 4, 6, 2, 1, -3, 5, 5, -1, 3, -1, 2, 0, 4, 0, 1, -1, 0, 1, 4, 3, 5, 1, -2, -2, -3, 6, 1, -3, 3, 0, 4, -1, 6, 0, 1, 2, 3, 3, 4, 5, 3, -1, 3, 3, 1, -2, 6
-3, -2, 1, 408, 2, 3, -2, 6, 1, 2, 6, -3, -1, 4, 3, 2, 5, -3, 3, 0, -1, 2, -3, -2, -1, 4, -1, 6, -1, -2, 3, -2, -3, 6, -3, 5, -1, 3, 6, 3, -2, 6, 2, 2, 2, 2, 5, -3, 1, -1, 1, -2, 1, -3, -2, 2, 5, 0, 4, -3, 1, 4, -1, -1, -2, 4, 4, 6, -2, 6
6, 1, 406, 6, 1, 3, 1, 5, 0, -2, 4, 3, -1, 0, -2, -2, 5, 1, -2, -2, -2, 6, 6, 2, 3, 3, 3, 3, 5, 6, 3, 1, 6, -3, 0, 3, 1, 6, 3, 3, -2, 5, -2, 4, -2, -1, -1, -1, -2, 0, 2, 4, -2, 6, -3, -2, 6, 1, 3, 4, -1, 0, 3, 4, 0, 4, 1, 5, 6, -2
3, 409, 2, 3, 3, 0, -1, 0, 4, 0, 4, -2, -2, 4, 5, -3, 1, 6, 4, 0, 6, 3, 6, 3, 2, 0, 4, 2, 3, -1, 5, 0, 1, -3, 5, 3, -1, 6, -1, 6, 4, -3, -1, 6, 2, -2, 6, 2, 5, -2, 5, -1, -2, 5, 4, 4, 2, -2, -3, -3, 6, 6, 1, 2, -1, 2, 0, 2, -3, 2
406, 4, 3, -2, -2, -2, -3, 2, -1, 3, 4, 4, 4, 6, -1, -1, 3, 2, 5, 0, -2, 0, 5, 4, 6, 2, 2, 1, 5, 3, 2, 5, 3, 1, 0, 1, 3, 3, 6, -3, -3, 2, 2, 1, -1, 5, 5, 5, 2, 2, 5, -2, 1, 0, 4, -1, -1, -2, -2, -3, -3, -2, 0, 3, 2, 3, 5, -1, 5, 6

