407, 3, 1, -3, 0, 1, 1, -3, 1, 6, -2, 3, 6, -2, 6, 4, 1, 3, -2, 3, 4, 2, -2, -1, 5, 1, -2, 3, 5, 5, 4, 1, -2, 0, 1, 6, 2, 6, 1, -3, 3, 6, 2, 6, -3, 5, 0, 6, 1, 6, 0, 1, 3, 0, 1, 6, -3, -3, -2, 5, 1, 0, 6, -1, -1, 5, -3, 1, -3, 4
0.004914005, 401.98526, 5.995086, -0.985258, -1, 4.995086, 2.995086, 0.014742015, 1.995086, 4.970516, 5.009828, 3.985258, -3.029484, 4.009828, 4.970516, 5.980344, 2.995086, -0.014742015, -1.990172, 2.985258, -1.0196561, 4.990172, -2.990172, 1.004914, 4.97543, 0.995086, 4.009828, -3.014742, 5.97543, -1.02457, 4.980344, 3.995086, 5.009828, 3, 5.995086, -0.02948403, -2.009828, 0.97051597, 1.995086, 6.014742, 0.985258, 5.970516, -0.00982801, 3.970516, 4.014742, -3.02457, -1, 0.97051597, -2.004914, 3.970516, 6, 1.995086, -0.014742015, 6, -3.004914, -1.029484, 0.014742015, 5.014742, 1.009828, 2.97543, -1.004914, -3, 5.970516, -2.995086, 5.004914, 0.97542995, 1.014742, 5.995086, 2.014742, 3.980344
0.014742015, -0.007572979, 410.03067, 2.0367646, 2.992427, -2.9769142, -2.9920602, 6.0443377, 1.0003667, 1.9491895, 5.0674233, 1.9859543, -3.1113944, -2.9401495, 5.9491897, 1.986321, -2.9920602, 5.9556623, 4.0144124, -3.0216186, 0.9333101, -1.9916936, 3.0068395, 1.0223522, -2.0360312, 4.992794, -1.9401497, 5.9329433, 1.9715418, 4.918531, 4.978748, -1.9844872, -1.9325767, 5.022719, -2.9693413, -1.0886754, 4.955296, 5.9188976, -2.999633, -2.9102244, 1.9632353, 2.9567626, -2.0295584, -2.0583835, 2.0746295, -1.0966151, 5.992427, 1.9188976, 5.970075, 4.9416165, 4.045438, 2.0003667, 1.9556623, -1.9545621, 0.9625018, -0.09624834, 2.0443375, -2.9177976, 0.037131436, 2.948823, -2.022352, 4.977281, 4.956763, 4.99206, -1.9473559, -2.066323, 1.0519106, 0.030658647, 2.0594835, -3.028825
-0.0073710075, 0.0050303163, -0.0073720976, 400.99783, -2.9729092, -0.039701957, 1.9702469, -1.9776278, -0.9952901, 6.033592, 0.9974145, 6.0167065, -1.9634722, 3.9434123, -0.9369192, -0.98595566, 4.9702473, 4.066093, 6.0248637, 2.9848206, 2.0414937, 0.9749569, 4.022466, -0.0048891627, 5.9968176, 0.039172776, 0.9507843, -2.9189837, 3.021331, 5.0782695, 5.041135, 3.9726446, 3.9458098, 0.021937026, -0.044676445, 5.036349, 1.061383, -0.9170212, -0.024778495, -2.0738237, 1.03163, 2.03599, 5.9998293, -1.9909215, -2.0270143, 0.04398523, 0.049207073, -1.9465096, -2.9385316, 0.06068317, -0.0003585355, 4.0120816, 4.0366044, 2.9554088, -1.9704177, 3.048695, 1.9928839, 0.9311509, 4.980452, 5.043627, 1.9975169, 4.051784, 1.0507342, 3.0444973, -3.0469034, -0.98328483, 3.9805372, -1.0225601, 1.982935, 3.9871325
-0.0073710075, 0.010005623, 0.009627051, -0.0075607966, 400.9587, 1.9857507, 3.0211046, 1.904598, 2.970253, 5.0213466, 4.8938885, -1.9913896, 0.08964606, 0.0032574644, 1.9301357, 4.94307, -0.956213, -1.0043321, -2.9879231, -2.9560995, -0.9538634, 1.9913577, 4.0166426, -0.027305001, 1.0520145, -1.0503551, 5.971004, 0.9730907, -0.019069325, 1.0381513, 1.969837, 6.016539, 5.98357, -1.078205, 4.9756346, 5.093081, -0.0048283897, -1.0293995, 2.0160992, 3.9300427, -1.9988455, 2.9714162, -2.9202578, -0.9907383, 5.902418, 3.0780075, 2.9526882, 6.001325, 5.9477396, -3.042616, 1.9010178, 5.9984856, 2.0339534, 2.9811282, -0.986727, -2.9214964, 2.9731262, 2.9628413, 6.0124526, -2.9831707, -0.94800216, 0.012735047, 4.944713, 1.9975568, 4.938262, 5.0395536, 5.9877033, 0.93935984, 2.952894, -2.9510374
0.00982801, -0.0050486526, 4.9847727e-05, -0.0049266894, -0.0025435148, 407.02042, -0.97716665, -0.9756416, 1.002846, 2.0085268, -0.93794215, 3.0151143, -3.083553, 1.0594832, -0.033876784, 2.9984968, 3.027497, 4.9876227, -0.96850896, 0.99292445, -0.036874812, 6.015505, -2.9655566, 1.0147569, 1.0083009, 0.9924683, 5.059869, -3.056906, 3.9957664, 4.973102, 4.01543, -0.95468414, 4.0797043, -1.9877386, 2.0330226, 4.9787045, -1.0248332, -2.0614996, -2.9946003, -2.9402256, 3.975391, 4.9886165, -0.9974728, -1.0511483, 6.0546756, 0.9436903, 3.0024052, 5.951511, 3.9804032, -0.046608604, 2.034924, 4.0351686, -3.0045953, 3.0525324, -3.0372643, -3.0565717, -1.953163, 3.0670705, 6.0645823, 4.9829955, 1.9926294, 5.0046005, -2.0113184, 2.0145383, 6.0327425, 4.963862, 6.069395, 6.0177894, -0.94316685, 2.9930716
0.0073710075, 0.0049202973, 0.014543135, -0.007487971, 0.009824304, -0.0024776657, 404.00403, -0.10180021, -1.0658845, -3.096205, 3.8734617, 3.0014834, 1.9927062, -0.9301073, -0.18126413, -2.1363122, 3.0755188, 2.944017, -1.9617792, -1.9390056, 5.986526, 5.9923115, 1.9690374, -1.0096959, -0.9946584, -1.0718066, 4.9842234, -2.1325545, 4.937783, -1.063196, 3.9019494, -3.0298939, 5.999068, -3.081975, -2.0378647, -1.0282366, -0.07146276, -3.1369417, -0.0009752861, 1.973419, 5.9816995, 2.88181, 6.085967, 2.958394, 0.91402376, 3.9664032, 0.8965709, -3.1356964, -3.1549037, -3.105398, -1.1019922, 3.9348304, 5.952317, 2.9993093, 3.9808304, 6.006196, -2.0268161, 0.025336675, 3.0024846, -3.0149598, -0.9438073, 3.98499, 4.8086166, 3.9576712, -3.0453174, -1.0561776, 5.987841, -1.0392898, 0.96574974, 6.0612435
-0.0024570024, 0.0074812965, 0.009651976, 0.012419872, 0.0025327338, 0.014714949, 0.012354298, 402.96948, 5.981126, -1.1202154, 0.8498606, -3.192744, 2.1123528, -0.05961881, -1.0703796, -0.07208876, -0.13292417, 0.79227674, -1.0575444, 0.993962, 1.9120924, -0.19289623, 4.947615, -2.0221708, -3.084979, 1.9476331, -2.1791503, 0.07777781, 4.7912755, 5.8467326, 1.749622, -3.021375, 2.7779508, 5.998861, 2.9694793, 1.8894619, 0.974915, 1.0334383, 2.0557628, -0.98959166, 4.8409033, -3.2002866, 1.8969457, 6.0110593, -0.14759111, 0.9742666, 0.8862964, -0.050901067, -3.0383291, -2.0166554, 2.894926, 0.7952122, 0.9039954, -1.1522508, 2.038132, 0.96368283, 3.9942856, -2.0812387, 4.7837543, 1.8704005, 5.9894257, 2.8011742, 4.8668475, 1.8503574, -2.0469184, 2.9643857, 0.746995, 1.891919, -1.072481, -1.1516868
0.00982801, -0.0050486526, -0.0072666784, 9.8031254e-05, 0.0050304127, -0.002496747, -0.007510518, 0.0150405755, 408.8972, -1.0469513, 0.07102369, 3.0925863, 4.878365, 0.014688538, 5.0143933, 5.973072, 4.02053, -0.95897925, 2.0519736, -0.048825454, 5.9830313, 3.0438776, -0.061221015, 4.0478334, -2.0032492, 6.0018916, 4.078515, -1.0310194, 0.97015226, 3.8922017, 4.0246234, -0.014430415, 2.013879, 5.93873, 1.9189446, -3.1168523, -0.011632915, -0.05003994, 2.9299035, -0.95849925, 2.9817517, 0.059747156, 2.9943354, 3.880484, -1.9404625, 1.9296255, 1.0245378, 4.9219522, 6.025742, 3.0191786, 5.003389, -2.988121, -2.002368, 0.048280995, 4.9788127, 1.9725163, 5.9490867, 0.057754446, -2.0399678, 4.963487, -0.117222026, 5.020854, 5.940111, -1.972441, 0.019379618, -3.1246107, -2.9393697, -1.0051994, 2.0606017, 1.043546
0.00982801, -0.0050486526, -0.0072666784, 0.010073147, -0.0048717167, -0.0073612225, 0.014780123, -0.002240857, -0.0022779598, 408.99963, 0.033478346, -0.087518275, 5.8870373, -1.9997255, -2.9603481, 4.1064196, -0.08548336, 0.9606612, -0.012295438, -1.0427536, 2.8662713, -3.0468388, 5.9654737, 5.0493293, 2.9165492, -1.9328511, 1.0133005, -1.9606053, -1.0657936, 3.0096223, 4.9658036, 4.0161657, 0.9724862, 3.1040614, 2.0796626, 3.9560332, 5.9911604, -2.9734442, -2.0222301, 4.023526, 3.9281206, 1.9737215, 3.8046603, 3.9321947, -1.8596884, -2.1029248, 4.0655556, -1.8900259, 5.1648564, -1.9705335, 3.1181056, -3.0298893, -2.1587286, 2.97651, 1.9317503, -0.21442726, 4.076905, 6.0563245, 3.0104847, 6.0187125, 1.9874353, -3.024074, -1.0407413, -3.033966, 1.1605707, 5.0269012, 5.9824796, -1.9028525, 1.0301068, -0.16352262
0.0024570024, -0.004993643, 6.7020155e-05, 0.012474668, 0.0075616064, 0.014761338, -0.0025254658, -0.0024035252, 0.004877205, -0.007673215, 402.00574, 4.892043, 1.0711609, 5.9423695, -3.042929, -3.0526285, 2.9004214, -3.1032085, 4.93884, 5.9679284, -1.0201647, 3.8805668, -2.984058, -1.9957126, 1.9372725, 4.952851, 4.8886, 2.0361416, 4.931969, -1.1468623, 5.9101872, 3.9526398, 4.894839, 3.0533538, -3.030808, 1.8578545, 5.0348334, -2.9886484, 2.0121067, 3.1153097, -1.0166789, -2.0921915, 5.9916525, 3.0862331, 0.91570735, 1.9217428, 0.9579378, 1.8344767, 4.91503, 1.9851573, -1.0110193, 2.8555732, 5.981448, -0.046967354, 3.064841, 0.01552136, 5.9955463, 4.994566, -2.1350303, -2.0926836, -2.0266695, 5.829274, 2.9808176, 5.905127, 5.9353976, 0.9518797, -3.0949988, 5.9365244, 4.9818664, 1.9448408
0.00982801, 0.009877267, 0.0047092987, 0.012542771, 8.248619e-05, -0.0074807364, -0.007568222, 0.014932775, 0.014399987, 0.011809453, 0.009804797, 402.84796, 3.8204243, -1.0886486, 0.88245934, 5.806987, 1.8750025, -1.0276508, 3.860959, -2.149521, 1.8473133, 4.975375, -0.13722692, -1.0730535, -2.1425073, 4.8144927, -0.03374618, -3.0132475, -1.2093662, -2.264461, -3.3164465, -1.161198, -1.1247495, -0.33335835, 1.8780572, -1.1359441, 5.8208313, 3.9257026, 3.8935916, 2.9529264, -3.1378717, 4.945616, -0.22153959, -0.27125022, 3.1003377, 0.9858282, -1.0753505, -2.098664, -1.1264588, -1.1553736, 2.7862272, 0.009131153, 3.915407, -2.060019, -1.1074705, 0.89583176, -3.2877245, 1.9146594, -0.042044647, 5.7090635, 4.9010587, 1.8873966, 2.6913276, 2.0012772, -2.012159, 4.924043, 4.0456758, 5.9312015, 3.9003541, 2.9391668
0.014742015, -0.0025976724, 0.002440869, -0.004896049, 0.014903137, 0.0097678425, 0.0024121262, 0.002484603, -0.0050947415, -0.0027880033, 0.002388623, 0.0074357656, 407.93066, 6.046778, 1.8980141, 4.85526, -0.99835867, 3.9311326, 5.0752764, 0.020654086, 0.9686589, -2.148549, -0.98939645, 1.0602341, 4.9673114, 5.9571137, 0.91645014, -2.0536993, 2.8884153, -3.0917258, 3.9290528, 5.9647217, 5.9257803, 5.0577493, 0.9202364, -2.1888025, 5.9275646, -0.094988115, -3.0327287, 4.0015836, 3.974998, -1.1881725, 0.051888958, -3.054522, 0.8504115, 3.8462946, -2.0724168, 5.7910028, 1.8804648, -2.0178642, 5.9688487, -3.1656368, 5.8935366, 1.9801847, -1.9731722, 3.9833019, 2.070567, 1.9909415, 1.8918436, 5.9545407, -0.047234874, -2.0765598, 4.8425965, -3.1014028, -3.0983934, -2.2401474, 1.8779773, 5.8520665, 0.9921501, -0.040369157
0.014742015, -0.000110019064, 0.004843339, 0.012554316, -0.0024373597, 0.00247055, -3.6827307e-05, 0.00011621094, -0.0048981616, -0.0053078993, 0.0025068924, 0.0046212384, 0.0073380144, 405.92722, 2.8984199, -3.0547402, 0.9386289, 5.84521, -2.128136, 3.9124665, -3.060033, 5.9404893, 5.027446, 0.05639674, 2.8360705, 2.896176, -1.9635934, -3.0183768, 3.8402991, -2.100807, -1.1332511, -2.0643668, 4.958731, 5.9795375, -2.9798512, 3.8758304, 2.8841, -0.12913178, 2.0152245, 1.0678911, -2.058277, 3.8695974, 0.9208553, 4.002351, -0.9826929, 5.896612, 6.0143313, -1.0967063, 6.0339284, -1.100393, 1.9672176, -1.0845661, 0.8105162, 0.9841351, 0.05656576, -3.1507187, 4.0565886, 6.0435576, -3.0362334, 3.820533, 4.9546537, -1.0873722, 1.8597655, 2.9247758, 5.0836453, -3.04894, -1.0183578, -3.1144874, 5.997034, 3.877935
0.014742015, -0.0025976724, -0.004875656, 0.0076100095, 0.0050743786, 0.0097635025, 0.009796106, 0.0126303425, -0.00021294705, 0.014394177, 0.0024745746, 0.007227105, -0.0030080122, -0.0023767846, 403.02386, -3.1436727, 0.8680568, 4.8981752, 5.0259275, -0.03704451, -1.205366, -0.1521527, 4.864027, 0.9922348, -0.092858374, -0.9997205, 1.8947208, 4.075289, -3.18947, 1.7541282, -1.2217951, -0.04380467, -2.1489437, -3.007719, 2.8841395, 3.7282238, 3.863713, -1.985845, 0.9613369, 4.99078, -3.2120047, -3.1789541, 4.790908, -3.2237618, 0.9859455, 0.8811435, -3.0828693, 4.934732, -1.0253271, 2.0410397, 2.9412081, 5.8749814, -3.1089585, 3.904272, 2.934935, 4.8603497, -2.020168, -0.07600828, 3.7751257, 2.787745, -1.1708649, 2.8699977, 3.8376048, 4.927985, -2.0009222, -1.2998512, -0.24112585, 5.911347, 6.005054, 3.8328006
-0.004914005, 0.009987286, 0.0071824854, 0.01491397, 0.005069929, 0.002375637, -0.005064028, 0.0023905972, -0.0025544085, 0.011809182, 0.009660687, 0.012060085, 0.014732406, 0.011813991, -0.002611907, 404.80017, 2.9024475, -3.167869, -3.2239876, -3.103617, 1.0111017, -0.12648718, -1.1489615, 0.9444663, 2.7553117, -2.240929, 5.904313, -0.8491369, 3.795576, 5.975038, 0.7418748, 4.7484164, -1.3126785, 2.7139015, -0.06428902, 0.8523802, -2.3226817, 0.99696773, 3.9872282, 5.8022323, -2.0389163, -2.1855204, 3.8868592, 0.9686669, 4.893589, 4.9371896, 2.856279, -3.0422738, 4.7963943, 6.031861, 2.732681, -0.03594197, 4.776299, -3.1347156, 0.09462364, 0.03302458, 5.775535, 1.6813974, -2.13735, 5.649389, 3.8564656, 2.9557095, 3.7939258, 0.9180591, 3.888266, 3.924259, 1.7786492, 3.7882662, -3.2563543, 3.8986459
0.014742015, -0.005085326, 0.0073549254, 6.043782e-05, 0.014897009, 7.309856e-06, 0.014795343, 0.012341147, -0.00027927037, 0.002216745, 0.0021812636, 0.007387637, 0.0118158115, 3.392822e-05, -0.00033293336, -0.0029304724, 405.99426, -1.1690973, -3.0302985, 4.049126, -1.1939862, -1.1183573, 2.845968, 3.0454142, 2.9571452, -3.1567404, -2.0760994, -0.041784108, -0.21332572, 4.881013, 1.7778444, 3.9469664, -1.2219816, 0.903523, 3.9356165, 4.8592577, -1.2300353, 2.909496, 3.9820173, -1.0456169, 0.79136854, 4.8427105, 5.9083977, -2.1308284, -1.0668355, -3.234756, 0.9113823, -3.1985292, 3.905997, 6.063203, 0.86750203, 0.8619064, -1.282879, -3.05246, 1.9168595, 4.7987547, 0.96104574, 0.015005533, -2.1885595, 4.8827844, -0.07586686, 0.8697739, -2.366769, 5.8708334, 0.097925834, 2.83761, 4.800112, 5.884771, -0.06668996, -0.060471613
0.0073710075, -0.0050303163, 0.009810939, -0.002500826, 0.0073777577, 0.0025360214, 0.0074805347, 0.0023503636, 0.014575349, 0.002385471, 0.009768283, 0.0046988945, 0.006961662, 0.0073597822, -0.002891162, 0.0045355526, -0.0026601085, 402.90225, -3.072769, 1.0122782, 0.8309634, -1.171968, 5.944976, 5.9646997, 4.980549, 4.7396374, 2.839067, -2.0204344, 2.7937577, -2.1177504, 4.7674766, 3.9499104, 5.807414, 5.767775, 5.040682, 0.96168405, 0.7953497, 2.9518104, -1.0543343, -0.04855993, -2.1239095, -2.1017034, 5.8888083, 5.842292, -0.060170997, -2.2434006, -0.18010283, 5.813193, 0.6786949, 0.94150335, 2.8315501, -1.0204144, 2.791133, -1.9940226, 0.86812097, 5.930801, -1.2173964, 3.9141395, 5.006038, 1.8220918, -1.0561452, 1.784918, 2.6753461, -0.10819352, -3.0706868, 0.96217084, -0.0410445, -2.0678601, -2.1256695, 3.9191217
0.0073710075, 0.0074079507, 0.0120679205, 0.012480946, 2.0950534e-05, 0.0073509947, -0.004977478, 0.002432862, 0.012107953, 0.0019688173, 0.0122563075, 0.014279972, 0.01453525, 0.0020141802, -0.005465819, 0.009077138, -0.0029111328, -0.007751018, 408.71994, 0.935294, 1.8540845, -1.1960324, 5.0930467, -1.0026599, -1.1597216, -2.3411484, 0.8419208, 6.0612493, 5.7075295, -2.2124407, 3.686531, 2.8131895, 5.819966, 5.7116117, -2.005307, -2.0584981, 4.7282386, -1.1142343, -2.0679283, -2.0934694, -0.13057078, -1.2039956, 0.90513325, -3.055776, -0.12841235, 2.8171637, 5.8743463, -0.1496568, 4.735134, -1.1717857, 3.7101178, 2.973749, -1.2769856, 2.9557202, 5.035293, -3.0251973, 4.751983, 3.8635488, 1.9998761, 1.5566676, 3.8589046, 3.7721817, 1.6467996, -2.0653915, -0.10428704, 2.901713, 2.9103858, -0.31472299, -1.1526507, 5.8692665
0.0024570024, -1.8336512e-05, 0.0073108017, -1.8796713e-05, 0.014909389, -0.00493884, 0.002400076, -0.005136432, 0.012189362, 0.009586087, 0.014637261, -0.0027533688, 0.0070510907, 0.0022665232, 0.014644552, 0.004666092, -0.00016284185, 0.00727904, -0.00034135816, 408.99054, 0.91990376, -2.0441496, 3.8046079, -1.148835, -3.1482723, 2.821043, 2.7228978, -0.0993093, 1.9106214, 4.916205, -0.29211614, -2.2758844, 2.7854908, -1.1976719, -1.0968387, 4.8650475, -1.2543808, 1.0476575, 5.941913, 0.7500989, 3.0192316, -2.9826007, -3.2498403, 1.9140214, 0.92698085, 2.8614926, -3.1027987, -2.2954202, -3.3582406, 3.8937032, -1.2202246, 2.8793557, -2.1491816, -0.105854996, 5.8299975, -0.15045136, 1.744943, -1.1991993, 2.9016895, -2.149378, -2.9078631, 1.8303663, 3.648739, 2.8581645, 5.909728, -3.0226357, 2.951237, -1.1372795, -0.23956226, 3.9098935
0.012285012, -0.007554643, 0.007397021, 0.007517113, -1.8311102e-05, 0.0074880924, -0.0048884763, -0.0049284995, 0.0049393387, 0.0045810146, 0.015042493, 0.0020384714, -0.00022195856, 0.012212673, 0.0097234845, -0.0024448712, -0.00022942208, 0.014376443, 0.0069694403, 0.0068901884, 404.94913, 4.9014297, 5.765685, 0.90099186, 5.8232627, -2.2519841, 0.8939331, 0.9030627, 3.7934968, 2.867166, 5.723252, 5.883616, -3.2111933, -0.22438416, 4.025968, 0.7211279, -2.3004284, 5.9348125, -3.0210035, -1.9569256, 1.0236626, 3.9456003, 4.754349, 0.8631519, -0.9667078, -3.1656241, 5.8444543, -2.2731347, -1.3049583, -0.16185644, 2.8770387, 4.866178, 2.9127393, -2.0343282, 2.8309107, 0.8725737, 3.8570366, 2.8057656, 5.905091, 2.7464461, 5.970604, 5.7311673, 1.7892783, -0.21047887, 3.8971174, 0.955432, -2.9995255, 3.944182, 0.8315576, 2.7358906
0.00982801, -0.007536306, 0.004963904, 0.0025235764, 0.012432982, -0.007326402, 0.0048957528, 0.0098624155, 0.0120309, 0.0023097242, 0.002322718, 0.0024594476, -0.000489953, 0.0050838203, 0.0046551223, 0.009669146, 0.0072377594, 0.014804922, 0.01238622, -0.007352145, -0.0004497609, 400.96454, 2.6574616, 5.8724236, 3.89157, -3.0960107, 3.8818583, 5.8788986, -0.21584539, 0.83552253, 0.7414093, -2.2007563, -1.2090983, 4.655755, 1.8767273, -2.114295, 3.8025193, 0.88852423, 2.908026, -1.0320247, 5.0047455, -3.02281, -2.3299387, -0.18018828, 5.0104914, 3.8091836, 5.7717204, 1.8105245, -1.3332067, -1.0926629, -3.2276685, 2.9216785, 5.8070526, 4.0485754, -3.2113998, 1.7848468, 0.7475671, 2.8953333, 1.9053657, 0.7527594, -0.15834998, 0.7593908, 0.6515376, 3.8765976, 6.1066504, -1.1777531, -0.08582412, 1.9846185, -2.0382948, 5.836458
0, -0.00746296, 0.009864484, 0.009906677, -0.0050068256, 0.00018912926, 0.002593191, 0.002407284, -0.0072929612, -3.436273e-05, 0.012414322, 0.012167684, 0.012243039, 0.009577375, -0.0024491912, -0.007317796, 0.007356531, 0.00452397, -0.007906279, 0.007027885, -0.007390815, 0.012412931, 400.89307, 5.9524913, 5.89576, 4.739782, 6.03421, -2.9879272, 3.929717, -2.0048118, -3.0757718, -2.9359188, -2.1425345, 4.82541, -0.9035983, -3.1024787, 2.6701221, 3.934427, 1.9076865, 4.010082, -1.1122378, 2.9814012, 2.9306805, 5.9946866, -0.038861588, -2.1312888, 2.966532, 1.9856993, 4.984505, -2.9994116, -0.95952815, 2.9796247, -0.30414143, 3.0134814, -2.9471004, 2.8272586, -3.003717, -0.072675265, 5.9881144, 2.8563876, 3.021159, -2.0884912, 2.917622, -2.3190475, -2.9892514, -0.91424817, 1.8824583, -2.1205244, -2.1487045, 0.8901791
0.0024570024, -0.0025059897, 0.012224857, 0.0074314685, 0.0099337045, 0.009893907, -0.0074092285, 0.002328197, -0.007492203, -0.005302894, 0.012278937, 0.009720502, 0.0051166466, -0.00024507963, 0.009815585, -0.00013191173, 0.012267072, 0.0071067656, -0.0077481777, 0.0022265457, 0.0076372367, 0.0147013115, -0.0054339725, 408.91116, -1.2093498, -1.0972128, -1.1078701, -1.1528488, -1.0687106, -2.2316248, 2.7799292, -3.187629, -1.0438933, 0.92603534, -2.1921914, -3.27379, -0.20056061, -1.1750493, -3.0799417, 4.006361, -0.016210334, 0.9086945, -3.106734, -0.8883071, -0.23972628, -3.048009, -0.1307883, -2.2135174, 3.9003737, -0.16125518, 3.9134088, 5.710102, 3.734964, 5.017323, 0.06541074, -2.1430552, -3.058372, -2.1209688, -1.1993625, 2.7859163, -0.008012742, -1.2753636, -2.1511064, 3.5804453, 2.796011, 0.8691282, -0.11652191, 5.574193, -3.1595397, 1.8811848
0.0073710075, -0.0075179697, 0.009847311, 0.0024804352, -7.385106e-05, -0.00476698, 0.009988235, 0.009837259, -0.0074418364, 0.0073425043, -0.0026140048, 0.0025455432, 0.012010091, 9.721173e-05, -0.0075058113, 0.004804825, 0.0025986992, 0.0121198185, 0.0049581393, 0.007461611, -0.0053399582, 0.007837346, 0.0043629697, -0.0027229087, 0, 4, 1, 6, 1, -1, 1, 6, 0, -1, -1, 4, 4, -3, 5, 0, 2, -3, 1, 6, 0, 401, 5, -1, -3, 3, 5, 5, -2, -2, -2, 4, -3, 0, 3, -3, 1, 6, 0, 0, 0, 5, -2, 2, -2, 3
-0.0024570024, 0.00996895, -0.005017448, 0.0075129345, 0.007600081, 0.009638168, 0.014676194, -0.0023969822, 0.012210418, 0.0047131074, 0.0021867496, 0.0069970014, -0.0075195325, 0.012227174, 0.012207386, -0.0002018561, 0.009250702, 0.0046034376, 0.012305858, 0.014400767, 0.009549798, -0.008388888, -0.0033962952, 0.004796218, 6, 5, 6, 1, 2, 4, -3, 5, -2, 1, 5, 1, -3, -1, 1, 1, 1, 3, 6, 1, 409, -3, -1, -1, -3, 0, 2, -1, 6, 2, 2, -3, 1, -2, 1, 3, 3, 0, -1, 1, 3, 4, 6, 4, -1, 0
0.004914005, -3.6673024e-05, 0.0048662354, -0.0074693817, 0.009884299, 0.014716293, 0.0024974782, 0.00984279, -0.0027328853, 0.012085555, 0.014775867, 0.014787583, 0.0021068917, -0.0049743243, 4.707185e-05, 0.00686078, 0.007225871, -0.0024681254, 0.0146430805, -0.0073635844, 0.014576744, -0.0005700338, 0.0021179626, 0.009711547, 0, 6, -2, 2, 0, -2, 4, 4, 0, 4, 2, 2, 5, 4, -1, 1, -1, 2, 6, 404, 1, 5, -3, 0, 2, -1, 4, -1, 2, 2, 1, 4, 0, 0, 6, -1, -1, 5, -1, 6, -2, 4, -1, 2, 3, 5
-0.0073710075, -0.002432644, 0.0073700696, -9.85564e-05, -0.0025558244, -0.0072563104, -0.0023823187, 0.01223598, 0.0047540013, 0.0075336555, 0.0073733707, 0.014970055, 0.011971927, 0.012165645, 0.007392707, -0.0075642234, -0.007355221, -0.005316007, -0.0007190434, -0.007345259, 0.014777738, -0.0028349676, 0.011925955, 0.002333974, -2, 3, -2, 5, -1, -3, -1, 3, 5, 4, 6, -1, -1, 3, 0, -3, 4, 4, 409, 0, -1, 4, 2, 6, -1, 4, 2, 2, 3, 3, 5, -1, 2, 1, 5, 2, 4, 0, 0, 1, 5, 1, 5, 4, 3, 4
0.012285012, -0.007554643, 8.049574e-05, 0.012541833, 0.015037685, 0.014732252, -0.00258701, 0.012523908, 0.009484254, 0.0043981965, 0.009920958, 0.0046504615, 0.0020849265, -0.007561743, 0.014810614, -0.0053680292, 0.007055021, 0.014509753, -0.00767713, 0.009521149, -0.0028249298, 0.007290678, -0.00813779, 0.007053345, 0, 5, -2, -1, 2, 5, -1, 5, 1, -2, 2, -3, -2, 1, -1, 4, 4, 408, -1, 0, -1, 2, 1, -3, 3, 4, 0, 6, -2, 4, 1, 6, -3, -3, 4, 6, 1, 1, -3, 5, 3, 6, 4, -1, -1, 6
-0.004914005, -0.0049386336, -0.0023546494, 0.0049506207, 4.19625e-05, 5.5738088e-05, 0.004957461, 0.0025059779, 0.009812161, 0.0148089565, 0.007460664, -0.0076038525, -0.0076289373, 0.012345118, 0.0026770832, 0.012598373, 0.0119936485, -0.0074436967, 0.00012406465, 0.014474046, 0.012187717, 0.009742532, 0.0016562643, 0.0020643757, 6, 2, -3, 3, -3, 5, 1, -1, 0, 2, 1, 1, 3, -2, 3, -2, 408, 4, 0, 3, 0, 1, 3, -1, 5, 3, 0, 5, -2, -3, -3, -2, 3, -3, 6, 2, 6, 4, 6, 0, 3, 6, 4, -2, 6, 3
0, 0.0124382675, 0.004695823, -0.007474628, -0.007541512, -0.0049959966, 0.0024985522, 0.014806071, -0.0051246034, -0.002344791, -0.00016977696, 0.0050698253, -0.0048874766, -0.0048447135, -0.0025531808, 0.0024178978, -0.004871002, -0.007284916, 0.00986948, 0.0025079092, 0.009790801, 0.007343712, -0.0025931625, -0.007097062, 3, -1, 4, -1, 5, -2, 0, -1, -2, 4, 4, -3, 4, 4, -1, 410, 1, -2, 3, 2, 3, -1, -3, -3, 1, 3, 0, 4, 4, -2, 4, -1, -2, 0, -1, -3, 5, 6, -1, 1, -1, 6, 6, 2, 3, 3
0.0024570024, 0.014907584, 0.011970252, 0.007475547, 0.004991316, 0.002331819, 0.0122800255, 0.014749507, 0.009466862, 0.004590302, -0.0030373994, 0.014555352, 0.014482605, -0.0026703577, -0.007990366, 0.0015006474, 0.0070859496, -0.00035304087, 0.014493992, 0.0073616724, 0.0116657745, -0.0054973746, -0.00066085823, 0.0048515606, -3, 0, 3, -1, -1, 4, 1, 0, 5, 5, 5, -3, 1, 6, 406, -1, 1, -2, -3, 1, 4, 2, -1, 2, -3, -1, 4, 2, 6, -2, -1, 1, 6, 1, 0, -3, -1, -2, 2, 5, 2, 2, -3, -3, -1, -2
0.00982801, 0.014852575, 0.007075396, 0.0025678612, 0.009979367, 0.009624408, -0.00014590478, 0.012363084, 0.011843134, -0.0029479777, -0.007819946, 0.014680374, -0.007530905, -0.004771624, -0.008076317, -0.00095953746, 0.009582979, -0.005011048, -0.0022164895, 0.009797008, 0.0020946374, 0.014411123, -0.005143741, 0.009638152, 1, 2, 4, -2, 6, 6, 5, 2, -1, 3, 6, 0, 6, 407, 6, -3, 3, 6, -3, 4, -3, -2, 4, -2, 4, 3, 4, -3, 0, 4, 2, -2, -3, 2, 5, 3, 3, 3, -3, -1, 5, -2, 2, 5, 4, 3
0.00982801, 0.012364921, 0.007111768, -0.0049197734, 0.014905419, -0.0051108357, 0.0023120686, 0.004822813, -0.005165204, 0.014273772, 0.0020787616, -6.652514e-06, 0.0022014396, -0.007338416, 0.014641491, -0.007889713, -0.007247957, -0.002742562, 0.0071905158, 0.007459672, -0.0075706756, 0.010165757, 0.009527943, -0.0051444247, -2, 2, 1, 4, 1, 0, -1, 0, 0, 3, -1, 0, 406, 6, 1, -3, 0, 2, 5, 4, -2, -1, -2, 6, 2, 6, 5, 2, 0, 1, -1, -1, 2, 1, -2, 2, -2, -2, -3, 3, -2, 5, -3, -2, 3, 5
0.012285012, 0.014834237, 0.0021919883, 0.0026110017, 3.9996998e-05, 0.0022607374, -0.0075573805, -0.004888929, 0.0023901495, 0.0044044405, -7.070377e-05, -0.0077507123, 0.012275686, 0.004626559, 0.0069631794, 0.0069805896, 0.0146301715, -0.005276055, 0.014681137, -0.0028602618, 0.0074120634, 0.002407356, -0.0077083227, -0.005058293, 0, 6, -3, 6, -3, 3, 3, 3, -3, -2, -2, 408, 0, 0, 2, 3, 3, 6, 1, 0, 0, -2, -2, 6, 5, -1, 0, -1, 6, -3, 1, 3, -3, -1, 2, 0, 3, 4, 1, -3, -2, -3, 3, -1, -3, 3
0.004914005, 0.0024509805, -0.0073643457, -0.0049073678, 0.010000778, 0.0023115948, 0.009770756, 0.005046823, -0.00748138, -0.0073948484, -0.0026078473, 0.00013558748, 0.012266299, -0.0075594797, 0.012385603, 0.014730578, 0.012231401, 0.0074536647, 0.012539017, -0.0048264856, 0.0023679158, 0.0024373664, 0.0021938027, 0.0096538095, 1, -2, 3, 3, 1, 1, 0, 6, 1, 5, 408, 2, 0, 5, 0, -2, -1, 4, -2, 3, 0, 6, -1, -1, 4, 5, -1, 4, -2, 1, 4, 0, 4, -2, 1, 0, 5, -2, 1, 6, -2, 3, 2, 3, -3, 2
0.00982801, -0.0050486526, 0.014682899, 0.012455438, 0.004958223, 0.002579106, 0.004980708, -0.005064845, 0.004930926, -0.00037362284, -0.0076592215, -0.002780949, 0.007356969, 0.01486157, 0.009361035, -0.00010873251, 0.0023680567, 0.011499218, 0.007156962, -0.0025112152, -0.0051807747, 0.0074014403, 0.006704273, 0.0141543625, -3, 3, -3, 5, 6, -2, -2, 4, 0, 410, 1, 2, 0, -1, -2, -2, 0, 1, 5, 5, 3, 4, 5, 6, 5, 6, 5, -3, -3, 2, 5, 1, 6, 5, 2, 1, -2, -1, 3, -2, 5, -1, 6, 1, 6, 0
-0.004914005, 0.009987286, 0.0023048017, 0.004963627, 0.0025385325, -0.007476175, 0.004844365, -0.005039191, 0.009838375, 0.007255079, -0.0027645174, 0.012216019, -0.0075504193, 0.002560044, 0.0022851613, 0.0021339606, 0.0022039209, 0.010002054, -0.007343966, -0.007232746, -0.00018366659, -0.00530603, 0.0147477165, 0.011692713, -3, 0, 4, 5, 4, -1, 0, 3, 407, 6, -1, -2, -1, 1, -2, -1, 3, 1, 0, 0, -3, 4, 6, 4, -1, 1, 2, -2, 3, 1, 6, -2, 5, 3, 1, 4, 0, 6, -3, 5, 1, 0, 1, 6, 1, 0
-0.0024570024, 0.014944257, -0.0050901924, 4.4190925e-05, -0.007406479, -0.0001784548, -0.007513336, -0.0073543275, 0.009870294, -0.007416882, 0.014967319, 0.00952747, -0.007310149, 0.0070541343, -0.0026426308, 0.007316632, 0.004491149, 0.00288117, -0.0024941994, -0.0028886558, 0.0051115137, 0.009324586, 0.0053485977, -0.00029829744, 5, 1, -3, 1, -2, -2, 4, 406, 2, 4, 5, 5, 2, -1, 3, 5, 1, 5, 5, 3, 3, 1, -1, 0, 1, 2, 2, -2, 6, -3, 3, 2, -3, 6, 2, 0, 4, 3, -3, 1, 2, 2, 4, 6, 1, 4
0.014742015, 0.0023776344, 0.0023681247, 0.0025978826, 0.012477631, 0.0023481792, 0.004813571, 0.009961128, -0.005167884, 0.014260944, 0.007255862, 0.014752022, 0.009275679, -0.0074775494, -0.00010702582, -0.0031928588, -0.0025552516, -0.002671652, -0.0026965153, -0.0048416457, 0.009507658, -0.0028661287, 0.012240478, -0.0025514336, -1, 5, 6, -2, -2, 1, 401, -1, 5, 2, 3, 0, 1, -2, 1, 1, 5, -1, 1, -1, 1, 5, 2, -2, 4, 5, 6, 2, 5, 3, -1, 6, -2, -2, 4, 0, 0, 5, 1, 1, 0, -3, -3, -1, 2, 3
0.0073710075, 0.014870911, -0.0051130885, 0.0075989915, 0.0051196357, 0.0046515157, 0.0047199954, 0.0076013072, -0.0075438675, 0.0020199432, -0.0076774894, 0.012288493, 0.012194342, 0.0022157307, 0.0047111316, -0.005496663, 0.0121282935, 0.011993268, -0.007248997, 0.0070934882, -8.97668e-05, 0.002177705, 0.0120409895, 0.009358852, -1, 2, 3, 4, 2, 406, 3, 5, 6, -1, 5, -2, -2, 6, 5, 3, 5, 1, -2, 1, 3, 5, -2, 0, 5, -2, 4, -1, 5, -2, 5, -1, -2, 4, 6, 5, -2, -3, 6, 3, 4, 4, -2, 6, 5, 3
0.0073710075, 0.0074079507, -0.005003973, 9.876283e-05, 5.6553425e-05, 0.002310992, 0.009795353, -0.004825207, 0.004939553, -0.000114231465, -7.315609e-05, -0.0052349325, -0.00010470246, 0.014710465, 0.0071515525, 0.009927583, 0.0021145437, -0.0027712176, -0.0021977704, -0.0075279293, 0.009811501, 0.009285795, -0.0051524797, -0.002624047, 0, 5, -1, 0, 404, 3, -2, 3, -1, 0, -2, -3, 6, -2, -2, 6, 1, 2, -1, 4, 1, 3, -2, 3, 0, 3, 0, 3, 3, 0, -3, 0, -1, 0, 2, 4, -1, -2, 4, -3, -3, 2, 3, -2, 1, -2
0.00982801, 0.009877267, -0.0026072268, 0.0050985967, 0.010057986, 0.002243874, 0.014639824, 9.8527664e-05, 0.0072415234, 0.007003097, 0.012123314, 0.011900772, 0.004448021, 0.0021959776, 0.007174879, -0.0029885934, 0.009369816, -0.005194116, -0.005117561, -0.0051614298, -0.00035699274, 0.014164322, 0.0023430143, 0.014363287, -3, 1, 2, 402, -3, 3, 0, 4, 1, 6, -1, 1, 0, 0, 5, -3, -1, -1, 0, 3, 2, 2, -3, 6, 6, -2, 0, 5, 5, -2, 6, 3, 2, -1, 4, -2, -3, -1, -2, 5, 6, 2, 5, 2, 4, -2
0.012285012, 0.0023959707, 0.002373849, 8.5737905e-05, -0.0074931732, -0.0024625384, 0.007444737, 0.002569097, -0.004896241, -0.0025119572, 0.012448141, -0.0052606654, 0.014608752, 0.007041482, -0.007616628, 0.014889218, -0.0026366075, -0.0026228626, 0.0024265116, 0.01197037, -0.00760642, 0.014933413, -0.002311438, 0.012287616, 3, 4, 405, -2, 1, 1, 4, 6, 1, -1, 2, 2, -3, 4, 5, 0, 2, 0, 0, 5, 4, -3, 4, 2, 6, 6, 6, 6, -2, 0, -2, 0, -2, 3, 6, -3, 2, -3, 3, -2, 5, 2, 3, 6, 2, 0
0.00982801, 0.004901961, -0.007412167, 0.015085894, 0.010155489, -0.007557229, 0.0046670926, -0.002288492, 0.014670921, -0.0077468934, 0.014785631, -0.0030327893, -0.0051392415, -0.005283951, 0.0023067477, -0.007494497, 0.004480354, 0.00018595335, 0.009541383, -0.00047547263, -0.0052602305, 0.0021794813, -0.00750522, -0.0022792544, 1, 404, -2, 2, -1, -3, -2, 2, 2, 6, -3, 1, 2, 6, -1, -1, -1, 3, -1, 2, -3, -3, -1, 1, -3, 1, 2, 4, 2, 6, -1, -3, -1, 1, -1, -1, 1, 6, 2, -3, 5, 5, 5, -1, 0, 6
-0.0073710075, 0.0050303163, -0.0073720976, 0.014957335, -0.0073036016, 0.009767066, -0.0074940184, 0.015074662, 0.014510602, -7.5114556e-05, 0.000105939136, 0.0022538085, 0.0073558795, 0.0069594136, 0.009918806, -0.005093175, -0.005348579, -0.000408513, -0.0054355874, 0.0070137307, 0.014714414, -0.00046752824, -0.0029534511, 0.004811415, 403, 1, 1, -1, 4, 1, 1, 6, 3, 4, -1, 4, 1, -2, -2, 1, -2, 6, -2, -2, -3, -1, 6, 5, 6, 0, 6, 4, -3, 5, 2, 5, 0, 0, -1, 6, 2, 5, 6, 5, 5, 6, 4, 2, -3, 4
-0.004914005, 0.0025243263, -0.0073414496, -0.0024870513, 0.005030691, -9.738707e-05, -0.0025618703, 0.009962886, -0.0026227087, -0.007281988, 0.007448609, 0.0075836806, -0.0073261796, -0.0050246925, -0.0022460085, 0.014883368, -0.007555994, -0.004426192, 0.014798853, 0.012332374, 0.0148049025, 0.0046996437, 0.0047526844, 0.0075655556, 1, 6, 6, 3, -2, -3, 0, -2, 2, 2, -3, 3, 4, -2, 0, 0, 3, 0, 5, 4, 1, 6, 406, 1, 0, 0, 0, 6, -3, 5, 4, 4, -1, 2, 6, 4, 2, 6, -3, 3, 3, 0, 0, -3, -1, 4
0.0073710075, -5.5009532e-05, -0.0073336978, -0.007389078, 0.0024938316, -0.007454598, -0.0074984627, -0.0073478464, 0.0025159018, -0.007362937, -0.0022991921, 0.00016492722, -0.00010188152, 0.012373434, -0.00024504907, 0.0049811164, 0.009912134, 0.010122442, -0.006906715, -0.00020752334, -0.007146864, 0.0050271167, -0.004882552, 0.0022642473, -2, 0, 5, 2, 2, 4, -1, 0, 6, 3, 1, 2, 0, 5, 0, 2, -3, 5, 4, 3, 5, 3, 0, 401, 2, 2, 3, 2, 0, 3, 4, 1, 5, 3, 4, 4, 3, -2, 1, 2, 6, 0, -2, -1, 5, 5
0.0024570024, -0.0025059897, 0.0024694898, -0.002494098, -0.005031218, 0.014808356, 0.01001728, 0.00499442, -5.260879e-05, 0.00498784, 0.014931988, -0.0077660047, -4.7502155e-05, -0.0050770747, 0.010123931, -0.0047255913, 0.0072084325, 0.007155364, -0.0074553764, -0.007639768, -0.0050445055, -0.0026922354, 0.0026053805, -0.00018904058, -2, -2, 0, 6, 6, 5, 6, 5, 1, 1, 2, 1, -3, 0, 6, 4, 2, 1, 2, -1, 0, 5, 4, 4, 404, 3, 1, 5, -1, 0, 5, 2, 2, 5, -3, -3, 4, 6, -2, 3, -3, -3, 4, 5, 6, 5
0.012285012, 0.012346584, 0.009544886, 0.0050613214, 0.0049851295, 0.0023211583, -0.000107597225, 0.012362595, -0.002769939, 0.0043929126, 0.012131767, -0.00531998, 0.004851612, 0.0046386, -0.00034141794, 0.0046642446, 0.014599715, 0.0071543097, -0.0023367465, 0.004383003, -0.007486385, 0.0023922757, -0.0027840794, 0.014515874, 0, 4, -1, 1, -1, 6, 0, 6, -3, 4, -3, 4, 0, -2, 2, 6, -1, -2, -3, -2, 3, -2, 5, 0, -1, 405, 3, 0, -1, 6, 4, 5, 6, 4, 2, 1, 4, 6, 3, 6, 0, -1, 3, 4, 5, 6
-0.0024570024, -0.007444624, -0.0023240012, 0.007456469, 0.002548086, -0.004845061, -2.3076032e-05, -0.0049335016, 0.007468453, -0.0073094345, 5.896382e-05, -0.007504649, 0.0025251887, -0.005037865, 0.007492641, 0.0076405965, -0.00010079489, 0.01001495, 0.0047697923, -0.0048332745, 0.0023751166, 0.015160434, 0.012157609, 0.0018595353, 5, 5, -3, 1, 5, -1, -3, -1, -2, -1, 2, -1, 2, -3, 1, 4, 3, 1, 6, 1, -2, 5, 3, -2, 0, 0, 409, 0, 4, 5, 5, -1, 4, -1, -1, -3, 5, 6, 1, 4, 6, 3, 3, 3, 5, 1
-0.004914005, -0.0049386336, 0.0122784, 0.009863854, -3.0817406e-05, 0.00016359736, 0.0050426787, 0.0147191165, -0.005063456, 0.00977314, -0.00022101584, -0.0024833402, -0.0024309275, 0.007502576, 0.000113318616, 0.00020987661, 0.009876135, -0.007858091, 0.012117179, 0.0072518704, -0.002603453, 0.00018350083, 0.006636299, -0.004912657, 2, -1, 6, 5, -1, 1, 0, -1, -2, 1, 0, -1, 3, 1, -1, 1, 4, 1, 5, -2, -3, -2, 1, 5, 3, 5, 5, 401, 2, 3, -3, 1, 6, -2, 5, 1, 0, -1, 1, 6, 4, -3, 1, 2, 0, 4
-0.004914005, -0.0074262875, 0.0147536155, -0.000129947, 0.004858451, -0.0022694776, 0.014986633, 0.004680237, 0.0023983235, -0.007157119, -0.005311169, -0.007396743, 0.0026225874, -0.0022818132, 0.0072838436, 0.010115552, 0.014842795, -0.00770037, -0.0024159525, 0.0051880055, 0.004770305, -0.0073989956, 0.012097285, 0.007273869, 1, 5, 2, 3, -2, 1, 0, -1, 5, 4, 6, 1, 3, 3, 6, 0, 3, 1, 4, 1, -1, 6, 1, 4, -3, 2, 2, 3, 404, 5, 3, 5, 3, 5, -3, 6, -3, 1, 6, 0, 3, 6, 4, 6, -3, 2
0.00982801, -7.334605e-05, -0.0024617382, -0.002407929, 0.009976425, 0.009737358, 0.0073443456, 0.0025581329, -0.00013814107, -0.0050940607, 0.0023998853, 0.0023707636, 0.014601867, 0.012092523, -0.0003300336, 0.00958822, -0.007593199, 0.007054924, 0.009939162, -0.0024844077, 0.009690193, 0.014314927, 0.01458479, 0.0044817924, -2, 6, 1, -2, -1, 1, 6, 6, 5, -3, 1, 5, 2, 6, -2, 2, 5, -1, 0, 0, 0, -2, 2, -3, 6, 6, -1, 6, 3, 406, 6, 5, 6, -3, -3, 0, 1, 6, 4, -3, 0, 3, 1, -3, -2, 4
-0.0024570024, -0.0024693168, 0.002480938, 0.007444288, -0.007451546, -0.0048221922, -0.0048999293, -0.0049597286, -0.0022897644, 0.009782997, -0.007357026, 0.002507138, 0.012226381, 0.012256681, -0.002520035, -0.007475002, 0.0099839475, -0.000382242, -0.00512155, -0.0026141314, -0.0048174635, 0.01525076, 0.007162225, 0.0018754865, 4, 0, 4, 2, -3, 0, 5, 5, 0, 0, 3, 4, -3, -1, 5, 3, 2, -2, -3, 0, 5, 0, 1, 1, 4, -2, 4, 3, 4, 2, 405, -3, -2, -1, -2, 2, 3, 0, 0, 5, 0, 6, 0, 4, -1, -3
-0.004914005, 0.01247494, -0.005048096, 0.005007087, -0.0023881097, -0.0050795637, -0.00013655252, 0.0025437837, 0.009750338, -0.004934149, -0.00011685419, 0.0023184991, 0.014741721, -0.00045563598, -0.007650227, -0.0028702356, -0.00017759392, 0.012496701, -0.0025487102, 0.012044886, -0.0075742514, 0.01501246, -0.0075265532, -0.00029106633, -3, -3, 2, -1, -1, 0, -2, 4, -1, 2, 6, 2, -1, 1, 5, 0, 2, 1, 6, -1, 2, 0, 2, 3, -2, -3, 4, -2, 0, -2, -3, 409, 4, 6, -1, 0, 1, -2, 2, -2, -1, 0, 5, 5, -3, -2
0.0024570024, -0.004993643, 0.009822388, 0.002450001, 0.0024264276, 0.0025723674, 0.002555035, -0.00756616, 9.368847e-05, 0.009678085, -0.007551001, 0.009882213, 0.007199775, 0.00018425337, 0.0047738883, 0.011976333, -0.0049574273, 0.012084993, 0.0023174367, -0.0069303596, 0.009610058, -5.9413538e-05, -0.0054870294, 0.0021190527, 6, 2, 5, 5, -1, 1, 0, -1, 3, 2, 0, 6, 5, -2, 4, 1, 3, 1, 1, -2, 5, 2, 0, 6, 0, -3, 5, 5, -3, 5, -3, 2, 403, 1, 6, -2, -1, 2, 1, -3, 2, -2, 6, -1, 2, 3
-0.004914005, 0.014962593, 0.0119874235, 0.00991423, 2.1361819e-05, -0.0074536526, -0.0025517435, 0.0072576595, 0.012067143, 0.0070896265, 0.0020897812, 0.0021796813, 0.002419957, 0.009660849, 0.011990402, 0.009588539, 0.0021555496, 0.012072122, -0.0002770752, -0.0025822893, -0.00015403597, -0.0076332856, 0.014297884, 0.006757824, 5, 6, 6, 4, 3, 6, -3, 5, 0, -2, -2, 3, 1, 4, 2, 3, 0, 2, -1, -1, 0, 0, 3, 5, 3, 5, 2, 3, -2, 2, -3, 5, -1, 408, 3, 0, 6, -2, 6, 1, 6, 3, -3, 0, 2, 3
0.004914005, 0.012401594, 0.0046843747, 0.007524778, -0.0074303052, 0.0023638555, -4.4826225e-05, 4.362592e-05, 0.009764161, -0.0051417244, 0.012324825, -0.005538896, -0.0048145833, 0.0021705825, 0.004673598, 0.0074385325, 0.006953031, 0.0073707434, 0.012145473, 0.0019390074, -0.0051046987, -0.0077218423, -0.007498701, 0.0122946, -1, 4, 3, -1, 6, -3, 4, 6, 3, 5, 6, 2, 0, 0, -1, 3, 3, 6, 2, 5, -1, 0, 5, 1, 4, 0, 2, 3, 1, 4, 3, 3, 6, 3, 410, -3, 5, 5, 6, -3, -1, 0, -2, 2, 4, -3
0.014742015, -0.0025976724, 0.009757396, 0.015017023, -0.0024619787, 0.0049942597, 0.014863623, 0.009990981, -0.00011245931, 0.0143625075, -0.0026659563, 0.012010404, 0.009318709, 0.009902755, -0.0077494867, 0.011872808, 0.0070072496, 0.0043110107, 0.0024088938, 0.014607118, 0.011630548, -0.0054348386, -0.005910005, 0.01219782, 4, 3, 4, 2, 0, -2, -1, -3, 0, -2, 5, 3, 0, -3, -3, 4, 0, 4, 3, -1, 3, 0, 6, 1, -3, -2, 0, 1, -1, -3, -3, 1, -1, 1, 4, 404, -3, 6, 0, 4, 5, -3, 4, -3, -1, 1
0.0024570024, 0.009932277, 0.009604155, 0.0024877826, -2.8460552e-05, 0.012227093, -0.002466155, 0.0123230815, 0.0119396355, -0.0026982604, -0.00767667, 0.009753611, 0.009794074, 0.014683527, -0.0031429322, 0.009190608, -0.002748472, 0.006897838, 0.012249574, 0.014629466, -0.0028015568, 0.0020958974, 0.014448528, -0.0028444221, 1, -1, 6, 0, -2, 3, 6, 4, 2, 2, 5, 2, 3, 1, 1, 3, -1, -1, -3, 0, -1, -2, 4, 3, 4, 5, 3, 5, -3, -3, -3, 6, 2, 0, 4, -3, 401, -3, 5, 2, 1, 6, 2, 3, -1, -1
-0.004914005, 0.01247494, 0.007146113, -0.0075237467, 0.0049100406, -0.0074840835, -0.0049959677, -0.0051868954, 0.004852095, 0.0048242607, 0.014654446, -0.007594411, -0.0048209704, -0.00015479565, -0.0025989267, -0.0074966154, -0.004826811, 0.005224393, -3.6004716e-05, -0.0050561475, 0.012531644, -0.0051567852, 0.014935716, 0.0045659277, 4, -3, 0, 4, -2, 1, 2, 3, 5, 0, 0, 5, 3, 2, 0, -3, -2, 4, 2, 3, 5, 0, 1, 6, 6, 4, -1, 3, -3, 3, 5, 5, 3, -2, -1, 6, 3, 407, 4, 0, 6, 2, 5, -2, 2, 1
0.012285012, 0.0073712775, 0.0071787885, 0.015036232, 0.015040429, 0.002316827, -0.00021208484, -0.0024898057, 0.014547571, -0.0055830264, -0.005306084, -0.00043397106, -0.004948883, 0.007399309, 0.011691825, 0.009464323, -0.0028872215, -0.007908986, 0.0071968324, -0.007330922, 0.00467782, -0.005578477, -0.0002786865, 0.0049348776, 6, 2, 2, 3, 0, 3, 1, 1, 4, 1, -1, -2, 1, -3, 6, 5, -3, 6, 0, 1, 3, 1, 5, 1, 6, 2, 6, 0, 4, 1, 4, 2, 3, 2, -2, -3, -1, 2, 410, 6, -1, 4, 5, 1, 3, 4
0.0073710075, 0.0074079507, 0.014506763, -0.0049878955, -0.0026207964, 0.012293775, 0.0025831542, -0.007589396, 0.0073416377, 0.0022406406, 0.0023116514, 0.004571148, -0.0073697804, 0.012505859, 0.0044075698, -0.00027459633, 0.014589448, 0.0069832527, -0.0047343834, -0.0075927526, -1.5663267e-05, 0.011878957, 0.0023297009, 0.0067205355, 3, 0, -2, 6, 5, 1, 5, 4, -2, -2, 0, 1, -2, 3, -2, 3, 3, 0, 6, 6, -1, 3, -3, 0, 1, -3, 0, -2, 2, -1, 2, 4, 5, 0, 1, -1, 4, -1, 0, 407, 5, 3, 1, 2, 6, 5
0.004914005, -0.007499633, -0.0072188573, 5.500293e-05, 0.010011668, 0.012262724, -0.007481171, 0.0026074646, -0.0074548814, 0.0046909153, -0.007279581, 0.010182433, 0.01213296, 0.004900137, 0.014927697, 0.007125584, 0.00738372, 0.012049412, -0.0048404457, 0.01227786, 0.012457268, 0.004888529, 0.0066888896, -0.005358782, 0, -2, -2, 4, 0, 4, 4, 5, 1, 0, -1, 5, 2, -3, 1, -1, 5, -3, 0, 3, -3, 5, 5, 2, 6, 2, 6, 4, 3, -2, 6, -3, 2, 3, -3, 6, 4, 6, 4, -1, 405, 6, 3, 3, 1, 6
0.014742015, -0.0025976724, 0.007318553, -0.0024270443, -0.002573116, -0.0073091327, 0.0124264825, -0.007458968, -0.007205883, 0.012163861, -0.007532531, 0.0074027805, 0.0044951285, 0.015125675, 0.012078565, 0.012326433, -0.007415217, -0.008051621, 0.0072813546, 0.014934434, 0.014508412, 0.007229074, 0.0016765657, -5.9560934e-05, -2, 5, 1, -1, -1, 4, -2, 1, -1, 4, 6, 4, 3, 5, -1, 4, 0, -3, -3, -2, 5, 5, 2, -3, -2, -2, 4, -3, -2, 3, -3, 2, 6, 1, -2, 5, 3, 3, 1, 3, 3, 408, -1, -2, -1, 5
0.0024570024, 0.0049569705, 0.004799215, -0.0024875945, -0.0050299442, -0.0073781093, 0.0049750586, 0.009867393, 0.009657687, 0.00010493552, 0.0073322128, -0.007592483, 0.007184277, -0.0026438325, 0.0022965912, -0.004991387, 0.0073628016, 0.0073873685, 0.0023416877, 0.014396089, -0.0002880332, 0.00017572995, 0.0071064853, -0.00025423363, 2, -3, -3, 3, -3, -2, 0, 5, -1, 3, -1, 0, 4, 6, 6, 4, 2, 5, 6, 4, -2, 5, -1, 2, -3, 2, -3, 2, 3, 3, -2, 1, 6, 1, -2, 2, -2, 0, 3, 6, 5, -1, 407, 3, -1, -3
-0.004914005, -0.0049386336, 0.0122784, 0.0123576345, 0.00746974, -0.004786511, -0.0049384367, 0.007236665, -0.0025706969, 0.014468885, 0.01221873, 0.0023640762, -0.0025461274, 0.014713381, 0.0025751314, 0.002592144, -0.0049793916, 0.0021574502, 0.009393756, 0.004759788, 0.009880389, -0.005083096, -0.0035552855, 0.004946537, -2, -3, 6, 3, 0, 3, -2, 6, 3, 6, 2, 1, -2, 3, -1, -1, 6, 2, 2, -2, 3, -3, -2, 5, -2, 3, -3, 4, -3, 0, 0, 4, -2, 5, 5, 6, -1, 6, 0, 5, -3, -1, 3, 403, 2, 3
0.00982801, -0.0025609995, 0.0024523174, -0.007426559, 0.007402314, 0.007359018, 0.0024867072, 0.009909798, 0.0095365, 0.009708136, -0.0050270767, 8.244688e-05, 0.011825187, 0.014877633, -0.00042375212, -0.0005305599, 0.009845518, -0.007931483, 0.0075275265, 0.0096800765, 0.0046521, -0.0077375956, -0.0005577472, 0.0048804795, 6, -1, 0, 2, -3, 1, -2, 6, -2, 6, 0, 2, -3, -2, -3, 6, 6, 4, 3, 2, 0, 0, 4, 4, -3, 4, 1, -1, 6, -2, 0, -1, 5, -1, 1, 0, 6, -1, 1, 3, 4, 4, -3, 1, 408, 1
0, 0.00746296, 0.009646251, -0.002524438, -7.209637e-05, -0.0073915683, 0.0123872, 0.0072729555, 0.004769605, 0.009843619, -0.0028486226, 0.009866055, 0.0021301997, -0.0023093317, 0.009685707, -0.0052831513, 0.0073569636, 0.014627497, 0.009708528, -0.002380738, -0.0078375805, 0.015021997, -0.0008146754, 0.011659066, 3, 0, 6, 4, -1, 6, 2, -3, -2, -2, 1, 0, 3, 1, -1, 4, -3, 6, 0, 5, 0, -3, -1, -1, 0, 5, 3, 0, -3, -3, 6, 6, 0, -1, 6, -1, -1, 1, -2, 1, 6, 4, 3, 2, 1, 410

